1000
1946 1955
238 244
248 251
945 949
78 75
1686 1685
944 953
1592 1593
436 438
1618 1617
1450 1470
629 620
178 174
1340 1362
1720 1710
1909 1907
877 876
1300 1294
370 386
1706 1680
994 993
1888 1890
355 356
1039 1033
1900 1898
1524 1521
382 381
82 78
1466 1468
860 861
907 899
1816 1818
1562 1567
846 1364
1884 1876
669 653
1274 1270
798 797
240 241
1106 1109
880 878
238 219
1476 1475
1699 1693
1090 1079
721 722
737 742
1739 1736
1288 1098
529 526
1066 1090
137 154
1531 1536
544 298
522 530
496 489
1344 1341
1118 1123
561 557
886 866
14 4
108 103
1250 1252
1722 1724
82 84
1364 1288
205 208
893 1003
1368 1366
448 436
724 717
1837 1831
588 584
244 246
953 945
402 404
806 811
1873 1875
1488 1490
1213 1216
904 900
1507 1503
462 469
721 720
521 520
993 988
625 621
615 606
1980 1919
1641 1649
1051 1053
1567 1577
1018 1031
423 420
961 944
1581 1589
1536 1532
937 936
616 617
96 121
13 7
340 341
1497 1492
1891 1706
1805 1807
532 531
264 260
1956 1962
469 472
1192 1195
379 376
572 571
484 478
1482 1476
506 500
1893 1894
260 255
1689 1699
657 656
672 671
742 743
1960 1957
1960 1961
1314 1317
1972 1942
318 314
843 842
1406 1409
1398 1405
520 519
1751 1750
1422 1373
684 685
4 13
1822 1837
1042 1044
1405 1403
933 934
322 321
1066 1054
1159 1153
1185 1187
287 289
1702 1686
363 367
1132 1136
1101 1106
56 72
657 664
1669 1671
1259 1254
1613 1609
1222 1220
1924 1923
1589 1584
196 194
1849 1850
1562 1544
907 941
1210 1211
196 198
949 947
1615 1675
772 776
1962 1960
1641 1640
488 475
1735 1742
1444 1446
793 190
157 160
939 935
72 82
1544 1543
964 962
594 615
725 733
1579 1562
1735 1733
736 737
1084 1083
1015 1004
301 305
1997 1986
1202 1232
1521 1519
1924 1928
776 774
1377 1379
1775 1773
1333 1332
1940 1937
146 152
639 629
539 541
679 681
1354 1351
109 110
1782 1768
553 554
1888 1884
451 459
1009 1013
530 529
248 247
1589 1592
795 798
1594 1596
389 370
1305 1301
337 347
190 95
1554 1547
1919 1932
338 342
1388 1389
469 467
208 207
912 910
1919 1911
1058 1060
70 64
899 905
1399 1400
789 791
1526 1501
1174 1181
644 642
1281 1283
763 754
1439 1444
209 212
173 156
877 880
500 504
653 639
717 721
230 229
1567 1565
1542 1539
811 808
515 513
1432 1433
875 877
289 288
806 795
475 484
714 715
655 657
1344 1357
604 605
337 328
1891 1893
1986 1981
395 392
831 829
1152 1150
1294 1289
174 175
866 881
781 782
1183 1162
736 734
1132 1125
1660 1669
675 544
1283 1287
1685 1682
233 234
623 622
51 49
875 867
1268 1262
781 780
1434 1432
254 285
1368 1370
64 61
219 233
1649 1643
1095 1093
1212 1219
757 756
72 70
433 431
298 218
606 601
489 495
281 265
1291 1292
544 618
1101 1099
53 48
1174 1167
429 389
579 588
53 56
1089 1087
362 361
1392 1421
1619 1620
1584 1586
474 511
793 846
1156 1155
1373 1392
1123 1122
722 723
1389 1390
593 590
1625 1621
1808 1803
397 401
1262 1260
1029 1025
845 843
1898 1897
555 561
771 763
160 164
1565 1564
547 545
93 45
511 515
1039 1041
778 772
1003 1066
1018 1015
84 83
1262 1265
1911 1915
1609 1598
202 201
1179 1176
1112 1138
1872 1888
461 451
1539 1531
1986 1995
121 120
362 363
1032 1018
1157 1156
1057 1058
93 94
438 439
1072 1071
306 309
1615 1526
395 396
548 555
1033 1035
1547 1548
944 907
961 980
1217 1213
1150 1148
1106 1103
201 200
579 572
716 687
1667 1664
438 437
1517 1514
930 931
839 812
1947 1951
820 825
629 634
865 860
119 115
1141 1140
839 845
1978 1979
1320 1318
373 371
1794 1798
613 611
899 896
1351 1348
1808 1814
366 364
666 667
1409 1420
1706 1801
1975 1973
1337 1339
1876 1873
687 695
194 192
1906 1905
526 524
1062 1055
888 892
1557 1556
429 474
98 111
1693 1696
1098 1160
404 414
1185 1184
1376 1375
1689 1687
939 940
1196 1192
420 421
1233 1242
11 9
1501 1497
740 738
1714 1716
252 253
180 185
1449 1439
213 209
810 809
305 302
798 799
553 551
1822 1808
1162 1174
1744 1743
1621 1622
1840 1847
287 286
724 748
1937 1934
1932 1972
1363 1340
825 821
1942 1940
115 113
1067 1068
156 96
373 379
20 23
1805 1804
1997 2000
314 306
734 725
347 338
1196 1202
716 724
999 961
618 669
1995 1990
1098 893
968 977
1096 1095
1280 1281
1468 1467
1243 1233
1920 1924
666 655
1358 1344
1779 1781
1373 1368
851 854
328 320
1725 1720
1152 1159
246 252
1357 1354
1444 1443
531 521
1307 1320
1340 1307
584 585
1150 1151
198 202
570 548
1333 1337
1112 1110
175 177
538 532
570 579
928 927
190 675
826 816
95 173
1325 1324
103 105
1775 1777
496 506
698 699
1325 1327
956 955
1001 1000
1956 1946
652 651
1480 1479
1031 1029
1651 1654
48 51
816 820
1742 1744
850 886
1004 1008
4 1
1470 1454
1978 1975
1990 1991
224 222
858 865
402 397
31 35
1464 1456
1527 1529
1710 1708
1044 1051
1573 1576
1803 1805
1584 1583
728 726
1288 1363
415 402
1364 1422
495 492
1907 1906
941 939
1219 1218
1205 1203
1409 1408
1801 1747
905 906
328 330
695 693
1556 1554
120 98
547 570
1510 1524
478 477
1710 1714
1042 1039
1254 1250
227 230
1374 1376
850 848
436 433
265 280
1636 1633
799 800
928 932
198 197
1487 1486
1674 1672
1392 1377
1198 1200
1680 1679
618 547
367 366
324 322
152 153
828 831
1733 1734
1083 1081
1752 1751
601 603
1181 1179
1768 1775
14 793
1675 1660
1929 1920
1777 1779
748 736
1227 1228
489 488
1716 1715
376 377
543 539
642 641
1915 1917
1955 1947
1471 1482
202 213
935 937
194 195
1109 1107
1110 1101
682 679
359 318
1831 1823
1758 1748
492 494
1686 1689
292 295
751 778
330 329
1370 1369
1218 1217
881 884
39 41
370 362
986 985
846 839
1669 1667
1183 1246
707 710
156 168
309 313
1492 1493
893 850
1246 1196
699 700
1198 1197
95 93
881 875
17 20
1884 1886
1896 14
1501 1510
1536 1538
101 109
28 26
742 740
1633 1629
1782 1794
639 644
1381 1388
1280 1268
588 594
648 652
1138 1132
1638 1636
598 595
935 933
342 340
561 568
521 522
1548 1552
1872 1822
601 598
1232 1212
1794 1791
472 471
1103 1104
785 781
359 429
965 968
254 238
1678 1676
244 240
75 76
1531 1527
812 826
1439 1434
867 871
1270 1269
350 355
861 862
246 245
980 986
697 702
291 292
620 627
585 587
1526 1594
792 789
1354 1355
1160 1144
111 101
1446 1445
229 228
28 39
178 180
1768 1758
64 69
590 591
1847 1848
1295 1299
1190 1185
568 565
358 350
1307 1300
1084 1089
1863 1866
1246 1259
836 833
213 215
1521 1522
695 712
1268 1274
866 858
298 359
986 994
218 196
686 684
672 674
1187 1188
135 132
1702 1703
1025 1022
1122 1119
1619 1618
426 419
1849 1840
627 625
61 63
743 744
1428 1426
974 970
1519 1520
2000 1999
1638 1655
1299 1297
1766 1759
1008 1009
780 779
1972 1978
1471 1449
1430 1424
1801 1872
1488 1483
506 509
389 426
112 119
1680 1702
555 553
1382 1386
154 139
1377 1374
958 956
1823 1829
1466 1455
1862 1869
1838 1862
1758 1766
355 353
778 792
816 814
1142 1143
927 922
572 577
1773 1770
634 633
285 264
233 224
1703 1704
296 287
615 616
1573 1568
1430 1471
519 518
1900 1909
342 344
1210 1206
808 810
838 836
1160 1183
1720 1722
1003 999
532 535
669 672
827 828
565 564
1386 1385
1202 1198
1649 1651
1192 1190
419 423
980 965
1388 1382
1946 1945
1420 1413
1141 1142
1625 1638
644 648
1422 1678
977 969
224 227
1320 1323
826 827
1696 1694
1460 1458
769 768
1896 1980
1125 1130
795 794
1831 1836
1274 1278
1911 1900
1791 1784
218 254
1514 1515
969 974
1596 1613
1291 1290
751 716
932 930
1755 1752
1424 1428
1062 1064
1862 1849
682 686
285 296
1179 1180
484 487
1079 1084
1656 1658
1678 1891
1434 1437
1206 1205
1660 1625
1317 1315
707 706
648 647
1545 1557
782 783
748 749
1510 1507
965 964
301 300
1492 1430
35 37
320 324
1144 1112
1483 1487
168 157
69 68
1747 1725
7 11
1259 1280
318 337
1008 1006
767 769
145 146
679 678
1937 1938
653 666
448 461
772 771
186 178
871 872
121 137
675 751
145 142
1054 1032
122 135
396 415
1742 1739
200 199
621 623
379 382
1055 1057
884 883
789 785
1594 1581
892 889
1054 1062
1454 1451
1318 1319
109 108
953 958
168 171
1318 1314
268 273
1242 1237
1779 1778
1001 1002
111 112
1894 1895
977 979
26 17
712 697
1212 1210
45 53
1725 1735
702 698
1476 1480
1942 1956
1432 1431
1748 1755
1079 1072
1332 1325
137 122
419 395
584 581
1013 1012
1455 1464
538 543
774 773
1519 1517
451 449
912 928
905 904
1655 1656
280 268
1138 1141
260 263
1222 1227
48 47
515 538
693 692
1621 1619
1379 1381
1577 1573
1232 1243
858 851
180 179
1219 1230
1962 1965
1406 1398
1676 1615
603 604
1581 1542
1847 1845
1458 1457
347 358
392 394
1655 1641
988 992
386 373
139 145
1144 1152
886 888
1544 1545
474 462
896 898
1995 1996
1814 1816
754 757
186 189
1929 1930
314 315
1153 1157
1598 1603
1596 1595
1837 1838
1118 1113
1032 1042
1403 1399
1071 1067
1967 1966
785 786
1671 1674
1980 1997
1850 1857
1747 1782
941 943
1323 1333
1090 1096
1294 1295
1289 1291
687 682
1227 1226
1940 1941
1482 1488
1125 1118
1300 1305
581 583
209 205
1454 1466
786 787
1932 1929
1456 1460
581 580
306 301
1542 1579
933 912
1869 1863
812 806
56 54
1230 1222
39 31
943 942
45 28
330 331
763 767
462 448
1358 1360
712 714
289 291
606 613
757 760
385 384
594 593
252 248
1301 1303
848 847
1421 1406
999 1001
831 838
1136 1133
173 186
1965 1967
985 983
1714 1711
702 707
884 885
1449 1450
1362 1358
1437 1438
511 496
1060 1059
733 728
264 281
382 385
1064 1063
1287 1286
10
1239 1662
626 444
1662 1551
290 626
290 10
1949 1855
1662 1949
1239 919
919 290
