100
1054 719
23 61
244 242
604 648
700 604
1305 1253
71 91
114 304
475 446
104 108
648 606
164 155
534 508
1092 1056
814 812
424 114
71 23
1437 1496
1948 1886
1253 1279
719 586
164 183
752 728
1582 1554
1465 1460
1054 1305
1741 1529
1465 1481
1594 1706
155 160
1963 1883
436 475
817 904
300 244
1496 1741
1883 1948
586 534
84 90
304 370
152 235
1745 1309
388 375
1272 1261
719 796
1883 1864
586 700
534 561
1437 1400
1157 1152
1206 1211
505 1054
796 752
104 71
700 710
1706 1600
1529 1594
304 152
424 1745
370 320
23 21
1309 505
237 300
814 817
218 225
996 981
91 93
505 436
320 319
235 237
1152 1153
1008 1013
1594 1582
996 1008
1745 1963
1107 1157
1529 1522
1400 1384
796 938
981 985
1309 1437
370 388
114 104
91 84
1864 1758
183 170
152 132
1092 1107
904 899
320 330
938 996
1496 1465
1279 1272
235 164
1181 1092
1400 1427
938 814
1253 1181
183 218
1181 1206
100
950 741
273 308
1307 1322
204 518
518 313
651 204
873 878
950 1005
602 616
76 161
741 739
496 502
1538 1150
602 577
947 885
1701 1677
1060 950
458 450
878 947
1894 1827
1202 1191
1792 1894
1538 1701
355 324
709 717
1625 1568
1286 1251
779 774
829 826
1755 1538
807 779
1242 1286
651 709
518 574
227 247
241 243
577 588
1060 1755
273 264
1242 1204
313 401
174 176
496 478
1005 1034
554 563
1061 1103
1894 1970
826 821
1827 1861
107 87
177 174
1001 974
1973 1975
1970 1973
1652 1634
1150 1534
528 554
735 1060
1005 1001
1150 1061
807 829
1625 1652
1286 1451
1346 1307
401 355
1755 1792
87 88
458 496
1204 1202
709 686
829 873
1451 1346
401 458
974 994
168 177
1451 1473
779 786
161 168
76 55
1677 1625
1488 1242
1103 1090
574 528
227 223
247 241
1792 1787
774 759
749 807
1677 1678
735 651
204 76
588 595
161 107
247 273
1346 1361
1534 1488
741 749
574 602
313 227
