500
731 708
589 600
739 738
785 786
259 260
163 170
713 724
835 831
1489 1476
1466 1508
1200 1197
68 74
1983 1986
527 530
1655 1659
937 942
707 701
989 1064
1429 1428
349 348
1708 1719
1396 1398
660 664
1315 1317
1143 1133
496 488
1874 1996
600 595
1216 1209
616 608
601 605
1587 1566
1629 1623
1321 1314
681 686
32 44
1757 1743
341 344
41 42
1960 1979
1148 1157
1438 1425
1190 863
57 58
533 531
1425 1429
724 729
1159 1160
524 546
1979 1965
297 283
263 262
731 732
47 48
228 248
451 428
1407 1415
831 832
488 486
983 989
781 776
1842 1829
1235 1241
220 187
1566 1569
1989 1992
1621 1629
47 19
258 256
107 119
1074 1076
536 537
1800 1735
107 106
1148 1143
1565 1587
1609 1596
223 221
863 906
1889 1891
1659 1663
1014 1031
19 18
1031 1033
558 563
876 888
178 132
926 927
766 768
1200 1291
1757 1763
743 739
212 217
81 60
1919 1901
1159 1130
1696 1705
1682 1695
322 319
1769 1792
74 78
675 679
1457 1450
1130 1127
119 112
913 915
634 637
1347 1348
468 457
1133 1138
1260 1259
258 259
723 716
1251 1276
178 220
48 54
1525 1528
838 856
470 472
716 720
186 180
616 660
1058 1056
1663 1662
1314 1315
445 446
1170 1183
856 841
841 846
660 619
1034 1014
743 747
1251 1235
806 803
319 314
786 787
813 806
1648 1679
60 17
1291 1282
701 699
1450 1442
829 817
1440 1457
606 601
1595 1609
283 284
472 476
223 253
695 666
1947 1955
596 598
510 453
1400 1396
961 946
524 520
1072 1068
367 389
1792 1797
533 536
933 910
7 9
97 90
910 911
1053 1058
1508 1489
1175 1181
1218 1251
1869 1873
1677 1667
648 654
566 572
1829 1836
961 965
248 243
1993 1989
966 961
1907 1910
346 341
472 471
756 760
840 839
606 616
1056 1057
1241 1246
486 477
346 349
66 62
1013 1000
1321 1364
1130 1148
202 192
989 985
1797 1794
112 115
1609 1648
1175 1173
1052 1047
909 907
424 425
507 499
1429 1435
1891 1893
863 178
341 336
170 166
103 100
1100 1099
1629 1632
558 423
537 540
1119 1159
1960 1947
1090 1082
1076 1075
1743 1746
1615 1645
1663 1677
1105 1113
1340 1343
897 900
189 202
62 61
435 432
922 913
412 263
353 346
976 973
1081 1119
488 494
445 441
1769 1757
531 532
159 154
498 507
724 723
1528 1529
228 227
476 496
782 813
619 655
7 6
217 213
1842 1843
423 412
1525 1516
608 613
66 68
535 534
154 143
60 66
1235 1226
1064 1074
212 205
1347 1346
389 373
1466 1438
1648 1613
1305 1301
1314 1297
137 138
601 589
595 596
1031 1024
1836 1834
273 274
220 782
432 429
1587 1592
469 468
766 754
358 354
187 204
457 462
772 766
1337 1347
85 97
1679 1696
911 922
1407 1389
754 756
106 104
1645 1621
906 897
1045 1052
788 802
336 334
708 713
897 876
85 83
435 445
177 163
803 788
119 123
1489 1497
349 350
1165 1170
846 853
1965 1973
1389 1400
1105 1100
494 491
1681 1682
1064 1053
579 695
546 533
331 297
392 331
579 558
985 988
1476 1482
273 265
453 451
1508 1509
772 781
510 524
782 579
1874 1540
888 890
401 394
1854 1803
1516 1520
1370 1874
1933 1935
906 972
1565 1550
1705 1802
204 189
1370 1321
1010 1007
1127 1121
751 772
123 128
359 367
915 920
813 829
1836 1841
1396 1394
1937 1933
1937 1960
1986 1993
1190 1370
243 238
701 704
1076 1078
141 137
1035 1039
1045 1035
655 638
353 358
331 359
527 525
132 159
1297 1200
44 41
589 580
666 681
1803 1842
933 934
1438 1440
520 518
90 95
666 606
751 733
9 15
423 510
453 498
1034 1045
1632 1635
17 56
1291 1296
1901 1911
56 57
1540 1595
143 141
976 983
1529 1536
942 966
132 81
1887 1919
507 509
503 506
1778 1772
937 909
204 212
103 107
97 103
1013 1034
638 648
788 785
1138 1135
1911 1907
835 837
1425 1385
1138 1139
890 895
373 370
112 109
297 322
972 1081
1024 1020
832 833
733 707
1679 1655
972 937
946 943
1897 1888
56 47
1868 1854
1497 1493
1792 1778
1509 1525
1802 1868
41 34
540 542
1497 1502
1081 976
1996 1887
1183 1175
681 673
1074 1072
1655 1654
283 273
1868 1869
1276 1260
19 32
546 552
1435 1437
1983 1937
1935 1936
1346 1340
1119 1090
1743 1742
1003 1010
1550 1558
673 675
1613 1615
552 556
838 835
1090 1105
1282 1218
1549 1542
1550 1549
638 634
428 435
876 875
428 424
1053 1013
1218 1216
1696 1681
1595 1565
909 933
1364 1337
707 731
829 838
477 485
1901 1897
1297 1305
572 574
846 843
922 926
253 258
1056 1054
159 177
95 94
253 228
1933 1923
1540 1466
17 7
1735 1708
802 800
359 353
123 120
1165 1163
81 85
1569 1572
498 470
536 535
262 223
1385 1407
856 859
1802 1800
1919 1983
187 186
499 503
392 401
373 376
1000 1003
1020 1015
531 527
563 566
470 469
263 392
695 751
1735 1769
733 743
1888 1889
841 840
1160 1165
500
1581 1580
981 984
492 490
110 118
242 239
669 775
269 272
1914 1908
625 628
1266 1271
1885 1877
575 582
1313 1324
1420 1426
923 930
1238 1239
1191 1194
1195 1201
1703 1690
282 286
38 39
405 383
459 439
753 745
791 780
944 941
27 28
561 575
65 69
362 347
974 970
338 362
99 98
1491 1492
1384 1382
894 957
745 719
848 892
659 662
1409 1413
296 304
990 994
88 93
408 407
1162 1164
1736 1726
1272 1284
584 583
719 717
282 237
945 940
1272 1207
1614 1622
279 269
437 321
623 646
1658 1624
1452 1467
267 279
931 945
1601 1600
904 912
569 567
866 849
1006 1008
1906 1904
1037 1038
1308 1310
1102 1177
918 904
1002 999
1991 1982
1037 1029
269 268
683 688
639 625
1689 1686
1754 1749
439 443
951 950
321 421
745 749
375 372
1611 1588
254 249
1245 1238
683 672
1726 1723
1208 1220
1145 1132
1285 1306
1284 1313
347 355
1510 1511
1931 1959
1475 1477
757 758
715 753
1906 1914
479 483
1959 1970
30 38
1922 1971
1712 1716
1484 1480
794 792
757 715
1712 1709
1806 669
29 27
1896 1872
1350 1345
822 823
1413 1411
1503 1444
1332 1433
1326 1439
1210 1214
1607 1601
124 125
808 819
1822 1821
1689 1703
881 883
874 878
990 986
1703 1704
1552 1575
869 866
8 4
866 867
1109 1107
980 975
780 789
98 84
1865 1896
26 21
759 761
1405 1392
1386 1384
1804 1789
84 88
1741 1736
669 224
717 718
981 969
688 684
1503 1510
1360 1371
76 75
801 795
715 706
140 164
1624 1636
938 932
1767 1754
1169 1174
176 172
1444 1479
1152 1161
1480 1483
646 659
998 1004
492 495
1280 1283
975 978
375 405
1479 1491
1636 1633
140 131
586 587
775 1513
1484 1485
292 289
1026 778
313 317
1922 1806
1413 1430
1820 1822
584 592
1392 1380
623 561
1116 1118
1669 1665
254 257
224 219
483 480
848 824
294 293
1426 1423
881 869
1477 1478
1102 1094
1266 1247
940 944
1357 1355
1582 1581
215 216
292 295
826 836
659 649
719 744
345 342
1021 1011
1112 1111
996 998
1228 1266
1050 1059
612 618
1513 1026
819 822
459 461
272 278
152 149
1220 1210
1491 1484
479 459
668 555
164 148
1092 1089
1132 1144
1971 1976
225 282
1187 1195
53 26
1177 1272
355 356
1513 1658
443 456
1294 1290
824 808
1539 1531
1736 1740
1479 1475
1636 1640
1167 1169
824 847
1195 1191
1459 1461
124 110
607 584
461 464
1531 1514
1789 1799
902 918
308 310
1207 1187
1875 1894
945 951
1439 1332
484 437
29 30
1827 1852
1433 1405
780 779
1059 1062
383 393
696 691
148 145
1433 1436
1050 1048
969 980
1329 1328
1747 1767
555 547
1048 1049
1380 1386
1855 1827
1403 1404
555 623
1720 1689
1441 1087
1167 1152
931 901
1585 1552
1131 1109
1656 1653
1640 1638
1174 1171
1350 1352
317 316
628 627
696 702
1556 1561
408 410
864 857
1355 1339
1690 1702
1247 1248
1459 1458
849 864
198 140
758 759
984 990
1392 1403
1405 1409
1877 1878
1820 1819
539 484
1640 1643
313 225
684 687
1423 1422
335 338
295 307
11 2
662 665
1894 1876
1029 1028
593 604
1624 1612
421 427
1326 1102
582 609
1221 1208
1669 1678
415 408
1754 1765
1475 1452
1087 1326
514 504
545 668
1357 1360
1812 1813
1997 1998
11 53
130 99
1327 1329
1411 1410
1535 1534
1207 1228
200 215
609 607
1931 1924
1902 1906
901 898
1720 1741
688 689
582 577
249 251
1941 1939
393 404
1855 1856
1686 1669
1971 1931
805 801
1306 1294
82 80
628 629
706 690
592 593
996 981
1767 1804
164 176
249 247
421 375
1048 1037
1575 1556
1004 1002
1430 1420
1856 1863
53 65
1546 1585
2 8
712 714
372 335
484 514
975 974
812 811
1313 1308
1062 1063
1324 1323
1144 1141
1094 1092
1308 1285
307 296
1161 1162
347 345
1201 1206
1612 1546
1959 1941
901 923
1588 1607
1238 1231
857 850
99 124
940 938
1026 1441
1716 1715
690 696
957 931
234 235
318 313
1819 1812
26 29
362 363
1643 1656
1063 1067
405 416
1109 1116
72 130
1991 1997
224 318
8 10
1585 1611
1975 1974
118 121
257 266
318 545
1248 1254
1704 1712
1896 1902
1658 1747
1852 1840
1004 1021
1607 1608
1339 1350
1107 1106
847 826
539 543
1976 1991
1575 1582
76 82
72 11
1531 1535
286 292
1976 1975
416 415
1380 1357
690 683
1247 1245
1865 1825
1345 1344
504 492
1177 1167
869 874
1806 1865
1228 1221
545 539
706 712
969 964
778 894
646 639
1131 1145
894 791
819 812
1665 1661
1331 1327
1145 1146
234 232
1332 1331
1467 1459
198 200
237 267
304 301
822 821
1825 1820
808 794
295 294
1284 1280
1612 1614
791 848
1827 1826
1686 1688
1116 1112
145 142
1872 1875
1087 1050
957 996
923 902
592 586
1982 1977
991 992
1747 1720
307 308
1546 1539
1201 1196
247 242
892 881
148 152
1011 1016
1152 1131
1441 1503
219 72
267 254
130 198
1118 1120
775 757
609 612
1825 1855
794 805
1876 1885
575 569
504 513
1011 1006
237 234
84 76
437 479
994 991
