10
1938 1623
1311 1938
820 95
1609 1313
820 1311
1311 1055
95 289
1623 1609
289 119
1000
1137 1141
348 279
1668 1671
1116 1115
961 963
1176 1175
923 924
1206 1233
476 454
1114 1113
981 982
678 685
1391 1390
106 109
995 998
1165 1169
1370 1365
1006 1003
1422 1423
1115 1105
736 737
1297 1296
985 989
543 541
1214 1207
1965 1966
1170 1176
1039 1043
639 648
660 666
373 366
277 273
1376 1377
1912 1910
202 198
976 977
1105 1102
1723 1721
118 120
1933 1935
1267 1278
604 608
1627 1621
1155 1154
805 1674
622 625
215 216
1123 1122
69 70
664 665
428 431
1047 1049
670 653
1993 1997
1754 1756
1224 1214
326 332
322 326
558 563
1544 1519
320 321
1349 1356
815 814
608 609
1483 1486
520 521
14 12
1678 1676
177 171
1391 1392
1011 1013
664 661
1719 1728
1641 1642
1049 1048
41 40
901 897
1078 1077
920 861
1494 1493
1828 1832
1713 1712
678 677
1749 1737
1236 1206
1195 1200
166 167
870 865
202 206
653 639
1387 1384
1840 1819
52 44
763 761
930 936
936 945
767 763
487 486
785 784
622 621
957 970
831 841
1718 1714
571 570
343 341
1522 1520
704 708
1782 1781
398 400
319 310
802 804
1050 1047
828 809
1457 1454
1588 1598
361 364
346 343
487 488
1325 1297
517 518
290 295
287 288
1141 1140
1432 1406
953 948
1964 1986
155 72
1410 1408
266 271
1224 1225
1840 1909
1326 1327
738 739
697 695
896 883
1483 1480
1697 1698
1470 1466
153 154
1181 1178
1160 1162
1601 1604
1726 1723
125 132
1463 1510
1011 1002
995 994
582 583
10 5
1062 1063
700 690
1989 1987
778 775
571 574
1563 1551
599 604
1125 1129
518 533
272 266
406 404
639 632
1463 1204
129 128
1439 1447
1424 1422
704 700
701 702
598 596
1695 1701
1655 1657
67 21
1465 1472
579 577
936 932
831 829
861 896
1405 1432
1909 1921
1822 1821
1279 1325
422 417
67 71
249 251
1837 1838
851 852
115 110
220 221
758 797
848 854
1447 1448
697 698
1201 1202
793 792
1599 1582
577 571
1854 1855
563 561
366 358
1089 1093
336 338
265 264
1192 1201
201 199
941 944
990 995
1062 1059
213 211
1551 1544
787 788
1237 1238
265 272
797 787
417 421
581 585
645 647
671 672
370 367
1104 1103
1065 1075
340 333
1556 1554
945 941
1429 1425
1728 1726
1494 1506
325 323
184 186
717 721
805 155
1779 1782
1794 1793
141 139
1958 1960
1192 1191
1144 1149
1563 1650
925 923
432 423
406 409
1896 1899
1693 1695
188 184
128 126
1433 1434
1401 1362
809 823
465 459
1819 1837
891 893
1762 1749
1129 1126
106 88
1580 1578
1119 1123
302 319
533 536
666 664
1439 1435
755 757
1018 1019
1132 1125
1238 1239
1490 1494
1401 1405
431 430
197 196
486 483
1554 1553
1130 1131
973 978
1154 1151
1762 1763
1184 1181
855 847
1578 1579
1059 1057
37 39
673 674
1779 1775
244 243
1163 1158
1296 1288
1944 1946
1099 1116
454 470
21 43
1204 1240
238 242
1615 1616
296 302
2 1
1188 1186
648 645
343 344
1204 1177
326 325
783 785
258 260
1704 1719
742 747
963 965
1480 1481
893 895
416 481
1880 1868
1584 1587
160 157
1946 1945
364 362
1616 1619
732 735
566 567
1432 1439
829 830
1334 1264
34 33
213 214
1665 1666
1899 1900
983 973
523 522
586 589
551 550
488 495
43 25
517 496
1768 1769
1067 1068
1382 1376
1868 1873
1088 1156
387 398
1045 1039
1993 1989
844 846
729 716
378 401
847 844
632 638
207 202
1349 1347
1824 1822
1099 1098
818 813
1270 1269
1457 1458
797 802
10 14
1569 1565
72 67
1264 1254
1856 1859
1334 1349
1045 1088
596 586
1851 1852
527 526
177 193
536 535
96 98
64 65
409 407
272 277
1107 1110
1926 1929
29 34
293 294
973 957
72 137
442 447
1516 1045
1894 1906
1754 1753
1071 1073
1156 1463
608 605
1774 1773
1025 1018
1971 1967
980 979
1584 1583
1076 1078
1116 1150
1548 1549
609 612
1980 1981
1129 1130
686 678
1849 1844
122 118
729 738
1639 1641
438 433
1355 1354
404 403
319 322
472 471
659 657
501 499
569 416
844 831
129 130
899 900
103 96
1971 1973
1520 1521
1075 1071
209 219
1793 1791
695 696
242 239
1043 1041
54 62
180 181
1214 1222
71 69
663 662
1813 1815
1671 1673
1449 1457
690 689
605 606
295 340
677 676
1805 1840
224 230
470 458
1759 1757
881 882
675 630
715 740
412 415
769 778
870 880
1118 1132
1668 1665
1043 1044
33 32
1837 1824
1818 1810
261 569
661 663
645 640
1706 1705
1936 1926
1544 1548
1102 1104
137 138
1071 1067
496 487
1832 1830
1261 1257
75 106
189 182
1607 1606
1570 1571
1578 1577
1506 1495
223 209
1986 1974
735 734
1929 1933
1336 1343
1054 1051
1422 1414
1083 1082
458 455
295 293
638 636
193 189
1795 1794
1678 1681
1582 1588
1689 1690
1714 1715
1946 1947
1757 1758
170 223
1685 1684
481 538
378 355
182 178
1039 920
1745 1747
170 165
1274 1276
193 207
1883 1856
1691 1689
290 287
1025 1030
32 30
1236 1237
110 75
700 701
145 142
787 767
1240 1236
1936 1955
1651 1654
366 370
906 905
1665 1664
1477 1465
1036 1037
1529 1524
386 385
775 777
883 891
1519 1518
1879 1877
757 756
1944 1942
1522 1529
1081 1080
1556 1558
1997 1996
1310 1322
989 990
256 170
1728 1762
1627 1637
1093 1090
895 894
687 704
690 699
458 465
1682 1678
1382 1387
1078 1079
883 864
1472 1476
1659 1655
137 115
1620 1580
1789 1795
1693 1687
1310 1304
960 961
1113 1112
1476 1474
62 63
959 960
1676 1677
1472 1470
1967 1965
1701 1703
2 10
1687 1686
1650 1575
387 381
580 579
1009 1010
1712 1710
502 503
1974 1980
1322 1318
89 93
1337 1342
1763 1770
1486 1484
721 718
616 581
1570 1569
1989 1991
433 434
248 249
198 197
1197 1196
1511 1513
1006 1009
1706 1718
1714 1713
442 439
1122 1120
855 859
1513 1515
279 265
25 29
549 545
715 616
1510 1490
230 237
533 527
96 89
257 258
828 855
1723 1724
736 732
1065 1054
740 758
788 793
525 523
1098 1089
1181 1183
41 42
1447 1442
175 176
1264 1279
114 112
44 51
248 244
122 124
566 558
978 981
333 296
1682 1693
209 177
526 520
1034 1011
985 983
953 954
1141 1143
1376 1375
1034 1036
538 517
162 164
1955 1958
1745 1739
1574 1570
1613 1615
1435 1436
957 925
1575 1620
1599 1607
970 959
679 681
332 327
1986 1993
155 261
1200 1198
1270 1274
948 949
538 543
630 619
847 848
1775 1774
1150 1155
945 953
1580 1599
1664 1660
1009 1007
1606 1601
138 141
863 862
416 348
1253 1252
1362 1370
132 135
1604 1603
1659 1668
279 290
1921 1964
1761 1759
1191 1188
811 818
1267 1266
864 881
1506 1508
1418 1417
896 901
809 807
438 476
1737 1731
1997 1999
1737 1745
978 975
1980 1975
1285 1287
1063 1064
636 637
475 473
1278 1270
930 926
171 175
1674 1516
670 673
1516 1563
1085 1086
1955 1944
502 501
401 387
1041 1040
470 472
428 424
1252 1246
521 525
914 916
64 54
914 911
395 393
1369 1366
5 9
264 263
911 906
972 971
333 336
169 168
569 715
322 320
1435 1433
1246 1251
336 334
303 304
1240 1401
1701 1699
1921 1912
1824 1828
1003 1004
1257 1259
1671 1669
115 125
178 179
141 147
1923 1936
758 749
1854 1851
1165 1163
1288 1285
987 988
738 736
1906 1903
1536 1540
621 620
1288 1291
626 628
527 531
981 980
472 475
1330 1329
1974 1971
476 479
653 659
1495 1504
1202 1203
1222 1223
881 870
841 842
1548 1545
206 204
1144 1137
1912 1913
52 64
110 111
1054 1062
1844 1848
1356 1360
920 985
161 162
1642 1646
88 103
1169 1168
287 284
182 188
1782 1789
749 748
1125 1119
168 166
1347 1336
775 772
1410 1412
626 622
34 37
1674 1805
391 395
111 114
454 442
1756 1761
43 52
1254 1253
1050 1065
865 867
1081 1083
1478 1483
1303 1298
581 580
686 687
941 940
1856 1849
1254 1261
1865 1867
349 352
398 391
93 90
1490 1489
481 438
685 679
261 256
395 396
1909 1883
893 892
1890 1886
755 751
1414 1410
767 769
1646 1649
1325 1328
340 346
348 378
88 86
434 435
1424 1429
1088 1050
1749 1754
823 811
1358 1359
1731 1733
256 257
1719 1706
632 631
1151 1152
1551 1556
1903 1905
39 41
447 445
558 549
355 373
214 215
496 508
223 238
1414 1418
1304 1305
549 551
1964 1923
86 82
1093 1097
152 153
503 507
1819 1818
1575 1574
901 914
1304 1303
1085 1076
1803 1779
716 717
841 838
1343 1337
541 540
1360 1358
1261 1263
673 671
1184 1192
157 156
1772 1803
1592 1593
124 123
897 899
1222 1221
998 1034
98 99
1810 1813
1297 1310
911 913
854 851
1592 1591
1169 1170
160 161
1356 1355
1529 1536
1448 1449
479 480
495 489
1225 1226
1815 1814
1233 1224
1699 1697
423 428
1598 1592
1002 1006
1536 1535
699 697
616 675
1535 1534
230 226
1588 1584
242 248
132 129
1418 1420
1903 1896
1156 1099
1387 1391
786 783
152 151
179 180
763 764
1002 1001
1110 1114
1868 1865
323 324
1655 1651
1073 1072
989 987
1279 1267
293 291
1890 1894
219 220
1859 1880
1513 1512
1105 1107
1365 1369
1331 1330
508 502
1406 1424
1013 1025
198 201
422 432
906 908
1510 1511
1362 1334
813 815
1207 1208
1805 1772
1201 1195
970 972
1177 1184
358 361
619 626
1620 1639
1873 1879
1051 1053
1177 1165
675 686
1158 1160
891 889
599 598
1687 1691
352 354
1639 1627
409 412
1926 1925
1681 1679
1370 1382
1489 1478
355 349
219 213
147 146
1079 1081
748 742
864 863
536 537
1318 1315
1770 1768
940 937
1686 1685
585 582
381 386
421 420
147 152
404 405
666 668
585 599
125 122
238 224
1478 1477
1607 1613
619 617
1933 1932
925 930
861 828
1465 1464
1486 1488
807 806
1883 1890
1408 1407
842 843
165 169
98 97
657 655
740 729
659 660
310 303
778 786
859 857
165 160
1704 1682
630 670
749 755
1849 1854
1132 1144
401 406
1150 1118
545 548
424 426
987 986
1582 1581
1075 1085
1328 1326
21 2
1328 1331
1198 1197
381 379
1772 1704
543 566
975 976
146 145
1442 1440
433 422
1650 1659
1519 1522
