1000
995069649 989611807
1435220271 1424273977
555526899 558408839
651488675 653680142
169926411 166647243
122977854 93767168
275649867 275315429
1941317029 1940358634
901221486 1040462741
1350352410 1342475884
651488675 642200561
-1384479115 -1383774069
1318403136 1321940673
1275506339 1277329463
1011618387 1007616095
768623424 765695030
1100921157 1108076819
1012661390 1021993448
1742612398 1746691033
797658363 788185430
1147146596 1112877049
822291529 862117567
-953918908 -947112766
1444101390 1472962561
468338247 473058650
469826684 469250939
885585184 886127787
-1088405868 -1085506847
-1258969187 -1262058775
1040462741 1060568092
-140986423 -123186542
-1902164684 -1898193775
-1126514753 -1112125338
439670663 432533579
236451295 253174787
-1552004548 -1496829196
390416647 381117975
775744201 707669119
1332376758 1328374466
70330678 122977854
51940231 59016804
860644450 840300318
760042120 768623424
-1390034607 -1396371736
1959053639 1953610885
-1799241570 -1799980008
1268494548 1250821951
1434466763 1431810292
-1799980008 -1805359241
196001306 175607707
-1913785627 -1909754206
966417367 959788488
1821493654 1857589078
-1035439318 -1039297983
840300318 852178625
1615983392 1619551051
-316581465 -320372852
1323045687 1350369234
1497499059 1495868012
8453124 -8211366
-1580240270 -1552004548
1021993448 1036142573
2044001857 2049025309
1804652662 1804300638
-1137672701 -1137223759
1497822203 1497499059
-1229212641 -1222204108
-294859131 -290471180
1011618387 1012661390
1815615767 1814848456
-791560305 -753370071
1905110871 2005458102
-2067132064 -2069163834
-97865148 -75903029
1559624680 1569355969
-901733228 -897331212
-1292023979 -1303406136
540399801 533773925
-399205390 -394274587
1473923710 1443589177
1130454231 1121923625
-27051503 -15895297
1316018094 1315810691
2100199375 2104889127
1147146596 1198434142
-1239042341 -1220139195
-320372852 -319925420
-2106026076 -2118111286
-1097736678 -1081601742
1213286808 1207766956
-236770455 -221740277
1652638230 1628145932
788185430 787801275
874890993 885585184
-734736582 -730928127
-1062922537 -1060599262
1363702324 1356354335
1478245887 1478212745
-123186542 -137465222
677592450 670230639
-552341908 -551206006
-1644728853 -1647308494
1250821951 1264220577
654976252 651488675
-966656438 -956633893
-552341908 -568331737
1443589177 1444101390
-1480565697 -1483351219
1536462365 1488172013
-570270608 -575183594
-1330440426 -1341453998
1802925195 1803036167
-1698719079 -1694113174
-1710855243 -1735199414
-1980965839 -1967999825
-1552004548 -1578686059
-633768663 -635848153
1037696279 966417367
981285602 995069649
-766815661 -764284970
-1698719079 -1701971122
-664389184 -663604799
1424273977 1434466763
707669119 691214292
-137465222 -131784676
130838050 132264459
-326873429 -325767905
624721807 606091321
1281716666 1279987195
381117975 382768349
-619218560 -587538206
-548674821 -552341908
82243132 82195175
1797944931 1774688219
-1353922608 -1345132890
745973084 756281123
-568331737 -560007285
-2078959648 -2078543606
-1531484402 -1523591551
1272352208 1275506339
1619551051 1616510169
-429410872 -430498574
175607707 177128775
-1831352787 -1820435123
-905802798 -905577079
-36205300 -27051503
-8211366 -5939043
-905802798 -968434609
862117567 867032301
-327993019 -388463747
773808089 772975741
1682043010 1657103767
1007616095 981285602
-44770790 -44931241
27420053 27067536
1130454231 1141865530
-635848153 -634295690
-1224636863 -1224126155
705971543 702099557
1868470840 1889778136
277315567 359910363
1407064388 1413289791
1718903991 1724188559
-1799241570 -1773265609
-1258969187 -1244854460
301598459 285940577
497629283 504800271
-1421934651 -1424160276
162517155 157665697
162517155 173913133
-1345132890 -1353795312
989611807 990506195
1889778136 1868871076
-560007285 -559750920
2065959962 2068265177
1121923625 1115710290
-936406008 -935605542
-464880597 -466563109
-294859131 -305357238
-1126514753 -1131956508
401528392 399734141
-209752734 -210454527
-1112125338 -1116961226
1040462741 1037696279
152350739 154767681
-1341839657 -1353922608
1415081782 1323045687
922336448 944470568
768623424 773808089
1693631315 1610061556
2096775575 2092774294
-459183238 -454508038
1627762776 1682043010
-1461151069 -1493149043
1962957514 1968334994
-954509212 -939812734
1816834285 1815615767
1610013849 1604281343
1752518703 1754424182
812240361 810382583
1899106431 1899252311
-445465476 -409610335
-548674821 -474948845
314596105 303132843
-203267976 -246550695
-991242397 -1015528053
222541955 200788476
1413930304 1414136697
-1496829196 -1461151069
-271663936 -287061707
-1602392968 -1581952167
775744201 812240361
-1137672701 -1138696371
1299386991 1302876321
-1531484402 -1531627268
-1773265609 -1774642551
1521913016 1529479709
812240361 872235514
-889873500 -905336545
-36205300 -74895179
-968434609 -939031340
16470507 277315567
-1687854385 -1710855243
1241649083 1248775360
1415081782 1754920825
-49990845 -61275091
285940577 281700504
-1774642551 -1785189870
-864807966 -855588128
1094374127 1090675396
473058650 482312362
-939031340 -954509212
1857589078 1830935447
620879461 616864608
2052324566 2062650410
-431555131 -436995394
-1765884971 -1755835556
-320372852 -322837745
922336448 920736028
872235514 886417532
-973251681 -976500210
-2049008777 -2030345404
336537398 339962697
-1820435123 -1825399812
1310911532 1415081782
760042120 710405448
1264220577 1263081666
2005458102 1959053639
-1233473034 -1229358515
624721807 901221486
1363702324 1367479146
-2118111286 -2111197163
-1770159685 -1799241570
-1943766894 -1651614840
271070843 275649867
886417532 897253091
1980179415 2001180885
-1672983403 -1660098232
504800271 503264876
-352400953 -336044299
-1735199414 -1727119254
1145833674 1130454231
51940231 27420053
810382583 797658363
359910363 363991739
-723755403 -741058392
-990010575 -991242397
-888080997 -814866983
-215403896 -209752734
-747973258 -746950849
70330678 61771198
-1341839657 -1330440426
-1176518506 -1193631938
-1309070614 -1292023979
-985096596 -1016166314
1393009678 1396194943
1580286687 1584449668
-1463949414 -1461806653
-1614190931 -1615391620
-575183594 -575471336
1821493654 1816834285
1905320527 1914763320
730383997 729823066
-753370071 -718924028
1446280551 1456060802
621409746 620879461
-695631652 -689758534
-138857484 -139450047
-179386557 -174968733
359910363 321124576
-49990845 -47445102
-137465222 -138857484
-1601528982 -1602040446
-1072301798 -1070956494
710405448 709572850
-1408937265 -1375563843
-1710855243 -1698719079
517688182 544305168
390416647 392145618
-1370971253 -1370475365
-2027274376 -2012325553
-1303406136 -1293929708
-703973183 -628342478
321124576 301598459
-1131956508 -1126900162
1250821951 1241649083
-914955596 -926624508
-174008578 -184045182
301598459 315221056
432533579 417919449
-258588947 -254073949
-743796724 -721468267
1350369234 1382125912
-2078543606 -2078593560
-1425279105 -1361700467
1342475884 1337099908
-75903029 -36205300
1953610885 1917356271
-1199939177 -1198626006
1224908013 1310911532
-1738418564 -1770159685
-170549394 -148653299
606091321 621794163
-829656622 -818963180
61771198 68394821
339962697 346528805
196001306 271070843
691214292 654976252
-1958926373 -1980965839
922544101 944374149
-152286499 -159346242
1094374127 1100921157
-634295690 -634472704
2076287322 2052324566
-105273905 -113790702
-193650429 -192366381
1478245887 1479766456
-89253704 -77295047
-1434180568 -1431827901
124884587 130838050
-474948845 -464880597
1168420494 1158942049
-482057293 -494974096
118031987 118096262
-1063051344 -1041199698
-88339508 -80689700
-2069163834 -2075726683
-1437637742 -1425681595
-171751331 -170549394
1572878680 1559624680
-1902164684 -1939701831
-1582448561 -1582784765
-939812734 -953918908
33869926 37710013
154767681 162517155
-1072301798 -1097736678
1747828196 1747731271
822291529 815171008
1682043010 1689067350
-657408537 -652001929
-246550695 -270351519
1261194509 1261257287
-568331737 -585731905
1279745151 1268494548
-1825399812 -1822707689
-636009847 -664389184
621794163 611916488
-1265613635 -1309070614
1240692436 1231247390
-1461151069 -1449642858
-115778784 394099048
-388463747 -352834332
1443589177 1435220271
-1523591551 -1527881840
-2067132064 -2027274376
460559394 401528392
118031987 104858581
-881630635 -877467149
291609568 289385208
1112877049 624721807
1713366315 1710710594
331579470 336537398
-193650429 -201140529
1472962561 1446280551
-258588947 -268718462
1597446815 1593892716
1697727261 1698593002
-791560305 -1063051344
514838873 460559394
-657408537 -662835223
-1193982956 -1194095938
-954509212 -966656438
-1383774069 -1380766824
285940577 287750903
-431555131 -429410872
1657103767 1679368198
-587538206 -603035649
-203267976 -174008578
765695030 768320874
-496269945 -482057293
2122913747 2131265828
-1409448473 -1418638676
2104889127 2101480658
2114492870 2122913747
585730615 588964597
-336044299 -337179453
363991739 363894570
-1292023979 -1284197907
1771583049 1224908013
695232397 691487220
1804300638 1797944931
-1149596960 -1156609251
1085137976 1094374127
-636009847 -633768663
460559394 484875434
1121923625 1123506959
-1879612755 -1902164684
-115728823 -105273905
-1085506847 -1087732467
-713624378 -709637661
440564776 445383591
1746691033 1744038563
-1229212641 -1233473034
1487962107 1536462365
-148239759 -140986423
516183932 552054392
1868470840 1821493654
-1220139195 -1229212641
-15895297 8453124
-308095308 -327674638
-184045182 -193650429
-1425279105 -1437637742
1538191092 1541904881
-1242387301 -1240339450
1322118686 1316018094
1085137976 1060616049
606091321 602779266
721753220 713495547
2085200835 2087425194
765695030 762332509
-560007285 -567003251
-1939701831 -1902518705
1822132675 1824822788
-1448056260 -1580240270
550694013 550067558
180443096 184779576
805182361 804590547
-847056280 -830987367
212200280 211047304
1943783177 1944905519
-1142682849 -1148539643
-914188279 -912715174
1934450869 1925663904
-160337774 -166375356
-1386384088 -1390034607
-1927202075 -1933136223
-905577079 -889873500
1382125912 1376363023
-528603873 -544033532
-1284197907 -1275842317
1075247253 1076781381
-1341453998 -1338650885
542721323 543682228
-881630635 -884400356
253174787 260427617
-1739826656 -1768990390
602779266 605643134
-1812607303 -1879612755
-1448056260 -707748002
1619551051 1626884475
-1753929578 -1740723779
-405030057 -445465476
-928691437 -936406008
1444101390 1443701915
-429410872 -428787432
804590547 798779701
251862370 244659750
-1575807864 -1576479511
1698593002 1698560614
-1493149043 -1495645836
966417367 1011618387
-662835223 -661234066
1277329463 1277665667
-1063051344 -1072301798
1899252311 1901508565
1090675396 1094356803
-1193918675 -1176518506
601496222 602635389
-884400356 -883999621
513590738 511476851
-113790702 -108075763
-254072950 -253688795
1943783177 1941317029
-718924028 -743796724
-864807966 -865382700
-1542416625 -1548098420
503264876 500064298
244659750 247606728
670230639 668022099
336537398 332459775
-1284197907 -1286072009
831754648 825814995
840300318 833995082
-501122152 -497872618
1376363023 1363702324
-746950849 -746103681
-1496829196 -1542416625
-855588128 -847056280
-77295047 -88339508
1227692542 1240692436
-192366381 -185947408
-1998094329 -2009364254
137047134 145726117
16470507 -97865148
-753370577 -766815661
-496269945 -497503771
-1149596960 -1142682849
-1213431969 -1199939177
1112877049 1145833674
-482487152 -489242840
1224908013 1147146596
-1991756201 -1958926373
-1193918675 -1196096582
-1016166314 -990010575
-847056280 -854051246
-1581952167 -1588036696
-1205109010 -1212901678
2122913747 2118303078
1529479709 1523993505
1156352357 1154481275
-1424160276 -1422512904
642200561 644953201
1431810292 1429266053
1816834285 1817730154
2028667113 2044001857
-971811956 -973251681
-877467149 -874601027
-229231132 -221851005
-148239759 -405030057
-115778784 -464643072
-2012325553 -2015395576
-108075763 -112768030
1834841320 1837820435
-474948845 -496269945
-1588036696 -1601528982
-1386384088 -1384479115
-171751331 -203267976
1895492070 1896978746
-2106026076 -2100792723
1593751598 1556357567
-1898193775 -1899188571
484875434 497629283
1511793559 1497822203
133160844 196001306
1610061556 1597446815
-1927202075 -1915418940
1281716666 1299386991
-663604799 -657408537
-1220139195 -1168596033
-513925967 -501122152
331579470 322452555
1914763320 1906887798
-928143822 -928691437
-1275842317 -1270752074
831754648 860644450
27420053 33869926
-1542416625 -1510770430
-61275091 -73919466
544305168 542721323
-628342478 -671334196
1572878680 1580286687
236451295 229695601
-445465476 -459183238
200788476 208231386
1279489042 1272352208
-914955596 -914188279
1473923710 1538191092
1627762776 1615983392
1231247390 1239697895
1935698504 1943783177
1746691033 1747828196
-671334196 -696497898
-49508761 -48645779
1934450869 1935698504
901221486 640232311
1332376758 1350352410
180443096 180092078
602779266 560986477
1538191092 1487962107
200788476 197713696
1754920825 1553782189
1817730154 1817969183
229695601 232609936
-166502903 -160337774
2054244354 2056023285
1168420494 1192669493
583537394 585730615
1884878977 1877259803
-1016166314 -1035439318
-985096596 -971811956
-1991756201 -1992749481
1628145932 1640183929
381117975 369481718
1241649083 1227692542
-905336545 -901733228
-311794788 -315476446
640232311 775744201
-1134311934 -791560305
990506195 990090140
1703587325 1741572909
-1449642858 -1449592386
-159346242 -166502903
-166502903 -169637944
-1510770430 -1531484402
640232311 638216597
-1165826568 -1341839657
-576321007 -583394814
-1770159685 -1739826656
-315476446 -316546313
1192669493 1196801091
275315429 275425908
2079151446 2028667113
-978054420 -979574496
601496222 583537394
-221740277 -229231132
1626884475 1620480816
-1687854385 -1687340674
1713366315 1717930531
-1943766894 -1998094329
1556357567 1572878680
2062650410 2062217793
-2079824889 -2067132064
2001180885 1999806440
-482057293 -476423205
-743796724 -747973258
1521913016 1518469889
-148653299 -152286499
287750903 291609568
-1898193775 -1885454746
-830987367 -838236178
2114492870 2079151446
-1480565697 -1469715062
-1041199698 -985096596
1830935447 1838715554
-1644728853 -1643836737
1511793559 1516964896
710405448 745973084
-327674638 -324228758
-1375563843 -1370971253
-971811956 -888080997
-1548098420 -1550003393
-926624508 -915947883
1328374466 1331832657
-2131380101 -2106026076
1279745151 1281716666
-1602392968 -1613999103
-1613999103 -1607804334
244659750 242852189
-1330440426 -1239042341
-976500210 -978054420
-215403896 -236770455
1192669493 1169429100
-753370071 -753370577
482312362 474546576
-221740277 -220986775
-388463747 -399205390
-497503771 -513925967
1771583049 1813342708
-1168596033 -1193918675
84401967 90901783
1060568092 1045394043
229695601 222541955
-15895297 -16584523
1227692542 1226539309
2062650410 2065959962
1141865530 1133350749
-289687045 -271663936
1657103767 1652638230
37710013 36286369
-1735199414 -1736577366
-688796131 -687327277
1036142573 1022568932
1299386991 1295800004
-1588036696 -1582448561
-1212901678 -1205526314
-1812607303 -1738418564
2005458102 2007121281
93767168 97626588
-405030057 -327993019
-1421934651 -1408937265
-270351519 -254072950
2088290179 2100199375
173913133 169926411
730383997 739602318
1754920825 1770446641
59016804 124884587
-254072950 -258588947
1969248441 1980179415
1530316320 1521913016
-926624508 -928143822
1640183929 1644760699
1356354335 1362628437
-378173536 -357204710
1264220577 1266765321
291609568 296604141
-1370475365 -1365462464
-1165826568 -1134311934
-1639319230 -1648812239
1834841320 1831462980
1725916531 1718903991
1703587325 1697727261
-16584523 -19109696
-409610335 -431555131
531404690 540399801
271070843 267824312
2023481211 2114492870
184779576 189996866
-316581465 -311794788
-2135236512 -2131380101
-1553190411 -1561159593
-741058392 -734736582
-1325669812 -1311007232
-44770790 -36444579
267824312 268495472
1382125912 1413930304
1969248441 1962957514
-1483351219 -1486633907
1198434142 1156352357
1597446815 1610013849
-766815661 -773905793
725420550 721753220
944374149 927857305
-184045182 -179386557
-1365462464 -1368809921
797658363 805182361
-352834332 -378173536
756281123 746422026
2049025309 2076287322
401528392 439670663
-1639319230 -1614190931
1396194943 1407064388
1644760699 1645305561
1742612398 1703587325
175607707 152350739
1813342708 1905110871
-888080997 -905802798
552054392 517688182
177128775 180443096
691214292 695232397
944470568 946969858
739602318 734161556
-585731905 -576321007
544305168 550694013
1060616049 1075247253
1413930304 1393009678
-246550695 -215403896
-528460002 -528603873
-830987367 -829656622
1316018094 1318403136
1741572909 1725916531
-2094278074 -1943766894
1838715554 1844928384
1198434142 1213286808
-838236178 -832155407
-1879612755 -1841997012
744197417 742645971
721753220 721754718
-352834332 -352400953
1266765321 1264301932
1154481275 1156050045
-1112125338 -1111517960
-1578686059 -1570732198
-494974096 -482487152
-2091765717 -2094184670
-1353922608 -1447704736
-747973258 -749271122
-718924028 -713624378
152350739 137047134
725420550 730383997
439670663 440564776
-1222204108 -1224636863
2065959962 2063976648
-1768990390 -1753929578
-1375563843 -1386384088
-2079824889 -2091765717
944470568 922544101
555269541 555526899
745973084 725420550
-939031340 -914955596
-47445102 -44770790
-814866983 -810959856
1310911532 1279745151
-270351519 -308095308
-287061707 -287911116
1553782189 1593751598
-1580240270 -2094278074
267824312 236451295
-1361700467 -1421934651
1362628437 1359651082
253174787 251862370
-1081601742 -1088405868
1045394043 1054165177
1459247309 1466431856
-990010575 -989197305
560986477 601496222
-324228758 -316581465
-1199939177 -1205109010
-2027274376 -2049008777
1054165177 1046368752
1679368198 1659377094
-1242387301 -1258969187
1553782189 1473923710
-1265613635 -1242387301
-1425681595 -1434180568
-131784676 -133449109
-810959856 -798877660
-1156609251 -1157856893
611916488 621409746
1350369234 1332376758
1593751598 1693631315
1747828196 1752518703
654976252 677592450
1226539309 1225865903
-839436623 -846623912
1435220271 1437605575
-19109696 -26234975
-1998094329 -1991756201
734161556 732735908
1268494548 1279489042
-1958926373 -1945576453
-2135236512 -2140681276
-1753929578 -1765884971
886417532 874890993
1797944931 1802925195
-327993019 -171751331
560986477 555269541
417919449 422304142
1765676283 1770270134
915163207 922336448
-671334196 -636009847
-628342478 -548674821
473058650 469826684
-1841997012 -1862803651
-1196096582 -1193982956
59016804 52004763
-814866983 -864807966
1456060802 1459247309
-2015395576 -2017941818
1488172013 1511793559
-1648812239 -1644728853
-707748002 -1165826568
-97865148 -100105832
1959053639 1969248441
281700504 281333173
1263081666 1261194509
-773905793 -775889606
-513925967 -528460002
1693631315 1742612398
2023481211 516183932
-1353795312 -1349681037
1868871076 1884878977
-1531627268 -1531979285
2028667113 2024650006
-2094278074 -2135236512
1838715554 1834841320
-1651614840 -1812607303
1156352357 1168420494
542721323 531404690
-1820435123 -1813453965
1804652662 1812638917
189996866 188220444
707669119 760042120
-1134311934 -1149596960
-2049008777 -2064214465
-1205109010 -1204627182
2100199375 2096775575
1889778136 1895492070
133160844 51940231
516183932 514838873
-1447704736 -1425279105
504800271 513590738
97626588 118031987
1323045687 1322118686
1045394043 1042895996
621794163 622513767
394099048 16470507
-1309070614 -1330071073
-585731905 -626949205
-47445102 -49508761
-838236178 -839436623
1487962107 1478245887
-1672983403 -1687854385
695232397 705971543
-2075726683 -2078959648
277315567 133160844
-1299964020 -1302556721
860644450 861846394
-1041199698 -1062922537
-1240339450 -1240212397
1479766456 1486040559
166647243 166261328
2079151446 2088290179
-1239042341 -1265613635
872235514 822291529
-100105832 -115728823
332459775 335278201
-865382700 -881630635
2088290179 2085200835
-1330071073 -1325669812
1456060802 1454685103
927857305 925278663
2042481538 2029099730
-1841997012 -1831352787
-1097736678 -1126514753
2044001857 2042481538
1516964896 1530316320
-1293929708 -1299964020
-290471180 -289687045
-1060599262 -1048595151
394099048 2023481211
-2012325553 -2009716021
1770446641 1765676283
-688796131 -695631652
638216597 635337153
287750903 286069134
-75903029 -89253704
862117567 831754648
363991739 390416647
1917356271 1934450869
742645971 741716705
-1651614840 -1602392968
2131265828 2139638998
1698593002 1699728155
124884587 70330678
-324228758 -326873429
1272352208 1270063829
1899106431 1868470840
1328374466 1324357865
1495868012 1494283174
-464643072 -1448056260
-336044299 -330777542
2062217793 2054244354
-1196096582 -1213431969
275315429 271551673
93767168 84401967
-1493149043 -1480565697
-1570732198 -1553190411
315221056 314596105
1917356271 1905320527
1021993448 1014148566
497629283 497325978
-707748002 -703973183
-576321007 -570270608
1718903991 1713366315
-1902518705 -1913785627
-1738418564 -1672983403
-1418638676 -1420046252
321124576 331579470
-1913785627 -1927202075
1060568092 1085137976
1813342708 1804652662
-626949205 -619218560
484875434 468338247
739602318 744197417
208231386 212200280
552054392 1771583049
709572850 708323954
1610061556 1627762776
1264301932 1265180976
-1755835556 -1764012385
-1408937265 -1409448473
746422026 749815430
959788488 915163207
1615983392 1612445361
222541955 227149103
-2009364254 -2079824889
-1469715062 -1463949414
513590738 513813443
-1805359241 -1811505286
-74895179 -49990845
84401967 82243132
-696497898 -688796131
-1570732198 -1575807864
-664389184 -671318377
1523993505 1522858096
1962957514 1959309755
1689067350 1685483116
-1142682849 -1137672701
468338247 466835251
417919449 406377091
-464643072 -148239759
-721468267 -723755403
-36444579 -43891240
622513767 623008912
1830935447 1822132675
-1613999103 -1639319230
-308095308 -294859131
2131265828 2129013589
1905110871 1899106431
1000
1286870174 1281939882
1609662325 1601047617
-1194880079 -1211367300
382336737 386830660
-441558860 -443320468
-1440711274 -1435395566
256538562 249193326
216602034 202883791
-785799164 -801166295
15432016 -64267766
-1101145652 -1095124906
386830660 390306168
509460644 515781193
1751224103 1746178564
-190158096 -282821883
1057462174 1061016779
1542993582 1552771574
1956779825 1957468551
-1888512702 -1731310115
382335738 926878572
-332954699 -340190962
237747892 256538562
668390191 701235826
-2122864814 -2140090223
-576944946 -574765785
-1262924521 -1266302356
878475232 896196778
1662498826 1662400653
-1573276936 -1579407423
1500302665 1499823602
1253400587 1248839136
-518264201 -515879153
-64267766 -9780890
216602034 217610902
1924351987 1930881206
757386148 761627464
-1281908018 -1303823184
-1189021508 -1189742622
1248118022 1241921255
-1014165670 -1023401815
1472724031 1483193509
749398388 751592109
635737633 624401922
1575774692 1569052908
-1793354631 -1799546885
1553092208 1585412077
-783926821 -785799164
1931233467 1867623934
1354178681 1511635130
1450921847 1455004233
-697826389 -655792311
-95527807 -128261454
-2009602285 -1973700192
1839051759 1836601923
-1078432285 -1074046849
-1478613260 -1393120449
-1457902790 -1426640995
739619641 729934561
249607122 252008245
843531779 838157052
-1675401594 -1667956692
717033565 720860099
-1788471796 -1784900112
967281103 969235294
2028618651 1998365716
-1549538145 -1546290615
-246951929 -257274776
943285198 943848127
286533383 299757011
534302206 534559814
2113581926 2108349827
1975365857 1972259439
-204882954 -203044010
-840859774 -838477217
192288004 179564040
-344143031 -331868502
2009554048 2013827763
-1588995585 -1573276936
-1067309490 -1051939593
-1500736573 -1493052374
-222812409 -209271910
-655792311 -685659829
894978777 894466309
1763498638 1766796622
-813200790 -772400787
-1194880079 -1189021508
-1812334625 -1811666736
-1748004484 -1765756926
-1643756386 -1643356668
111983110 122018959
1090004742 1126212410
-1820002756 -1788471796
1662400653 1657087954
479894926 474340433
644570801 644297368
1569052908 1573438100
57319221 71660923
-1078432285 -1080767379
1930881206 1927441581
-2088996009 -2011989598
-421694541 -423502352
-771105433 -750649075
1076557915 1064938221
1807182842 1800972265
1696686019 1691149342
567355239 567436082
-1199636122 -1196722031
1290488798 1166596114
1757994356 1763498638
-402313062 -368074405
-1685692297 -1728845716
1449993591 1450921847
431329881 400917756
-1093238754 -1088550244
-1051939593 -1061288981
1134022907 1136903594
-1370265714 -1357636153
729934561 731008442
1810624964 1807182842
-282821883 -307855529
1225565350 1227277248
1336588195 1327334721
488363510 481177209
-1042399138 -1046818978
67530335 58663020
722970228 717033565
1269295756 1269103673
-1642828381 -1651724569
1433874462 1428641103
-1417582107 -1419134065
-1642828381 -1642459040
1077053054 1090004742
938517349 933971462
1090004742 1082850084
474340433 469108067
2117070257 2078159652
-1014165670 -961598594
-242389979 -266687935
-277635482 -274579025
896196778 894978777
-544880937 -549236251
2119296370 2127093295
-1169622462 -1158657852
1511635130 1485863795
515927068 431329881
-1667732471 -1675401594
1845772288 1840859314
-2140090223 -2136279266
-558984365 -554676258
1468465137 1444853892
578848142 587410124
567355239 549443363
-1183803480 -1194880079
1013267007 1021786051
1345196642 1347727571
-1540961080 -1535742791
-143516858 -140969605
-651919069 -697826389
-211319006 -221418387
1366439152 1373707789
-531965145 -477349213
827862085 789942781
-1446615536 -1449737268
-1869336117 -1841998017
-709221369 -958859763
-475989333 -474228480
-1331832432 -1478613260
-619185417 -619826436
757386148 755816112
-712791531 -813200790
-1642459040 -1630755993
-1274515330 -1271535959
623762913 623923102
731008442 734577867
966607440 958203138
1846463523 1839051759
1751224103 1757994356
1734238735 1728795975
-2011989598 -2088516184
1846974232 1862532448
1839051759 1845772288
-1784900112 -1786213789
-367241807 -329129171
-171190157 -172488015
1203684831 1207367481
1323190818 1338348049
-1320549940 -1317924108
308335824 284581452
-1266302356 -1263019674
1785924513 1784162899
-331868502 -332954699
299757011 296316144
-1169622462 -1176328189
-1918589377 -2009602285
916847235 922989030
15432016 16263859
15320290 13495904
624401922 623762913
400917756 407015857
80673857 76528949
-113983272 -114640366
-1297739411 -1298845185
1300749380 1553092208
1552771574 1544897307
-609581936 -610140345
1775841694 1786103025
-1072174251 -709221369
139193152 133463144
459102103 445479505
-1341005312 -1335833974
407015857 411629277
-33406955 -33773043
-1839146454 -1839547676
-1534667650 -1525370489
2119296370 2118671670
411629277 423582174
-448907592 -464898925
-2092421557 -2106987724
341293941 357636037
-368074405 -383872649
1702129528 1700608210
530859834 530285599
-818259889 -813554311
-1611740346 -1601881755
-1158657852 -1161120741
249193326 249607122
938728504 938517349
1867623934 1924351987
-282821883 -222812409
-312788081 -313393192
1544897307 1551157101
971715251 967281103
-434678373 -438069530
-152591565 -168356666
1338348049 1336588195
1790904766 1723868929
-172488015 -172600497
1799226720 1811135916
73150353 42689017
850769545 867463658
-1601881755 -1610906494
41905381 41920202
-592805463 -594839749
1662626384 1662498826
227247276 216602034
1455004233 1451930958
1253400587 1258138807
392612376 382336737
704549891 668390191
-1108636269 -1101145652
-1341005312 -1355652334
-1457902790 -1459948632
-1525370489 -1525304453
1573438100 1573901600
1388480865 1390833027
1405912416 1385086956
-1958143492 -1957422128
-357285054 -360630252
-21065142 -33406955
145485328 142088909
645147538 635737633
-974337623 -997662630
908744484 902343329
217610902 221930564
655150007 658209966
1825735225 1820051432
1307103827 1301563898
-1414152802 -1410137206
1173913214 1168485019
-1820002756 -1869336117
-610284222 -619185417
982872200 980710618
616272051 916847235
152031109 166934229
916847235 712568041
878475232 848865059
-562584917 -572685047
-1026026909 -1023414881
-190158096 -95527807
-1493052374 -1483929473
-231632505 -230527230
433893447 433124881
-1648701005 -1643756386
-238338731 -239890683
-1051939593 -1026026909
1261577921 1263019893
340828181 278290531
-1997372965 -2001630855
-69339169 -81810545
1208788378 1288344539
1576192245 1580078285
2086594100 2082831606
789942781 815409544
-1839146454 -1837003687
-2036429177 -2024667116
1345196642 1323190818
1982677701 1981957591
-499887826 -478583039
-1566522502 -1888512702
1166596114 1036287699
1438068576 1433874462
1178922108 1182936949
-1841998017 -1857699586
1364949721 1379982403
193489449 227247276
-1803532353 -1817554425
-1921661398 -1918828663
-1549538145 -1559257616
-81810545 -73984996
-361878399 -365127177
603467731 600344751
616272051 517015525
-478583039 -489419104
-1225482776 -1225053174
-489419104 -496558192
-2068089448 -2063531506
81907933 101737099
16263859 17718148
101737099 94040595
-1281908018 -1274515330
-455900312 -453835393
1522616314 1518630846
982872200 985850073
1846463523 2048865619
749398388 746165923
-642378615 -644554006
734577867 731569366
791801563 810622368
-515879153 -512067690
1757994356 1754168322
1379982403 1366439152
-813200790 -916155530
-997789683 -1005010863
1061016779 1061145835
-1464575619 -1460574587
548005398 567355239
5200576 -3665479
958203138 956988645
-549476536 -544880937
1269103673 1261577921
-123075808 -121233356
1313986561 1312288230
1136903594 1134534864
488363510 499200062
-448907592 -434678373
-1976518619 -1978534826
-1459948632 -1464575619
1589218771 1594388854
300892914 307567502
958203138 965295280
708197401 711447946
1969121133 1975365857
1601047617 1606891106
-916155530 -901318184
776593872 789111189
1418446058 1411449586
1959742366 1956779825
1557527617 1562792365
-1081522890 -1078432285
266703468 261420903
704549891 708197401
-1322596793 -1328503053
712568041 752778483
1734238735 1751224103
42689017 41905381
-1860132098 -1864838180
-1652189580 -1642828381
-2142954347 -2115357896
71660923 67530335
-1973700192 -1921661398
1700608210 1701056640
-402313062 -408393583
594438234 599690165
109261846 125940152
-2010483089 -2088996009
476948953 476886176
-222812409 -231632505
810622368 807582479
1691149342 1674535318
645147538 655150007
-1610906494 -1605643750
928864401 952365167
-1355652334 -1350432540
1061145835 1076557915
166934229 162595995
479894926 488363510
-128261454 -171190157
12326604 15320290
-1765756926 -1754248458
-572685047 -565563027
-961598594 -997789683
1862532448 1866693919
145485328 152031109
1385086956 1388480865
1998365716 1969121133
1013058100 1029083331
658209966 704549891
-1086275669 -1081522890
-1035520667 -1037088943
1354178681 1307103827
-211319006 -210745271
594438234 589558153
-357285054 -345952347
-1287558680 -1287334709
-310609169 -190158096
-930066131 -931202283
990299790 1005634529
2048865619 2031432564
894978777 895379750
-531965145 -630821679
-360630252 -360724917
270991498 272159800
-1337356035 -1339677575
956988645 957869955
1793259692 1794971077
-600073607 -610284222
-1088550244 -1088453831
-1788471796 -1793354631
-103624785 -106236064
-231632505 -242389979
349827056 346000773
1784162899 1783043066
139770639 128132361
-1541279961 -1564570577
1594388854 1593252190
192288004 266703468
-1799546885 -1795289001
1031418418 1290488798
-1445384712 -1446567579
-1138921091 -1183803480
-1667732471 -1667604919
1499823602 1487177216
-1227900468 -1231948957
1960926481 1961088181
-562584917 -553814276
261420903 193489449
-1965518857 -1962385064
-344143031 -357285054
589106708 578848142
-1072174251 -1331832432
2078159652 2064487362
-1134312433 -1108636269
-1943286563 -1943529612
-1112270968 -1109482926
-1262924521 -1246243712
-1196722031 -1199522629
19721051 23607341
1975365857 1982677701
575837887 576063357
-1965518857 -1966831784
-329129171 -344143031
-1112638050 -1112270968
549443363 565434945
-1263019674 -1263596923
577422988 526600940
-1203908577 -1208213424
534302206 530859834
1956779825 1951082210
952365167 938728504
-2106987724 -2142954347
-1005010863 -1011907413
-1211367300 -1199636122
1595846401 1589218771
-840859774 -857715331
-1427489155 -1446615536
1288344539 1289400097
-1112638050 -1130612203
1347727571 1349969753
517015525 577422988
1961504224 2028618651
-1419134065 -1418156342
-1061288981 -1053302226
-776417382 -779490913
1862532448 1850175814
-242389979 -241237247
474340433 476948953
-1158657852 -1154817509
-1287334709 -1283141850
-478583039 -477653023
-1322596793 -1306224307
-1502016352 -1509395724
-1449737268 -1454621107
1500302665 1505634192
599690165 614015298
-1086354765 -1073582843
1483193509 1474213218
-1784900112 -1773778815
1836601923 1833096786
789942781 776593872
-785926965 -791094788
270991498 192288004
1672358411 1649370368
382335738 340828181
278290531 308335824
-2092421557 -1566522502
-818259889 -865591102
-1667604919 -1657329023
-958859763 -1014165670
575837887 571420801
139770639 145485328
266703468 269151055
1511602736 1507730499
-1061288981 -1063626833
-1370265714 -1380060274
7492219 5200576
-2024667116 -2017573726
794489679 795289621
81907933 73150353
1961504224 1959742366
-1696432199 -1693153530
-501232630 -518264201
-2090196948 -2089636773
-60504759 -51250792
-542237 3248395
-2052658784 -2068089448
-934308202 -930066131
221930564 222203991
-95527807 32302643
789111189 780644359
-622850506 -623184195
-192511257 -191376603
327575436 318741513
1405912416 1472724031
-1199636122 -1203908577
1696686019 1702129528
-644554006 -642986486
1573438100 1570651562
-171190157 -143516858
-1426640995 -1427489155
-1393120449 -1386063959
729934561 728045139
1911002572 1884205065
-152591565 -144669840
-1035520667 -1033037945
1557527617 1556695525
-750649075 -769297123
17718148 19721051
349827056 351524632
-1731310115 -1685692297
32302643 81907933
717033565 715929052
1241921255 1225565350
-477349213 -448907592
1828697273 1600455310
-266687935 -259757249
-1601881755 -1599751555
1327334721 1332552517
-204882954 -206276476
1811135916 1810624964
-2140090223 -2140762119
1609662325 1616111693
2064487362 2066938190
776593872 757386148
-367241807 -402313062
-969380449 -974337623
1136903594 1158686452
308335824 327575436
1770447646 1734238735
-3665479 -542237
908744484 913867115
1444853892 1449993591
965295280 966545418
728045139 727181665
815409544 791801563
2091300177 2086594100
-1080767379 -1080479637
-281654087 -277635482
-1515781572 -1520856234
-1535742791 -1538255897
-1696432199 -1702770327
-1599751555 -1595364609
2048865619 2117070257
-116689716 -123075808
1575774692 1576192245
-1888512702 -1918589377
1031418418 382335738
867463658 855761116
-2140762119 -2140665213
-1564570577 -1549538145
1629459859 1628721671
-1221051631 -1138921091
655150007 648591159
734577867 736018578
-2088516184 -2036429177
-1642459040 -1642617725
-619826436 -622850506
971715251 1013058100
178763580 -310609169
411629277 408937660
-310609169 -1072174251
237747892 237041349
-1335833974 -1337356035
1511635130 1542993582
-51250792 -44307290
-455900312 -461615750
-1525177650 -1524504999
-1962385064 -1962128711
1924351987 1911002572
509460644 433893447
-1943286563 -1924655590
-1154817509 -1139721551
1649370368 1662626384
-783926821 -772800012
-1288983585 -1297739411
-2106987724 -2097574566
-438069530 -441558860
433893447 479894926
-515879153 -516007454
1811135916 1825735225
-238338731 -237105904
-640281558 -640761876
-1958143492 -1965518857
896196778 908744484
-865591102 -865832391
-1559257616 -1562295252
-1703698839 -1711349889
-600073607 -562584917
1796536357 1793259692
-1386063959 -1389473932
-1221051631 -1243683393
340828181 375276240
-1540961080 -1541279961
1927441581 1927247500
1562792365 1561239914
-1086354765 -1221051631
-1235409663 -1227278282
-44307290 -47413208
1623297483 1790904766
-2115357896 -2122864814
-648828470 -642378615
-1183803480 -1169622462
322069144 322486953
807582479 794489679
-720076493 -771568939
-307855529 -298380343
1379982403 1384479079
-901318184 -887153240
739619641 749398388
-221418387 -216363285
1307103827 1313986561
1428641103 1431377163
-1525177650 -1534667650
711447946 711094674
-709221369 -408632113
249193326 240820169
1786103025 1785924513
1998365716 2007249089
-1667956692 -1670871027
-544880937 -537150291
1385086956 1364949721
1723868929 1772735532
589106708 594438234
-930066131 -916190932
-1685692297 -1588995585
-1386063959 -1341005312
1719593978 1706851174
-1432162096 -1440711274
-1744821735 -1734478556
-1355652334 -1370265714
-772400787 -720076493
1384479079 1384640273
-865591102 -840859774
-1331832432 -1086354765
1036287699 1036157387
128132361 139193152
-461615750 -456494373
830553958 837947901
526600940 526329261
827862085 878475232
1600455310 1623297483
-1138921091 -1093238754
752778483 722970228
1706851174 1696686019
2021350007 2023335836
1542993582 1522616314
-64267766 -69339169
-201857636 -204882954
1134022907 1131270510
1077053054 1038480419
400917756 392612376
2021350007 2009554048
-1414152802 -1457902790
57319221 52996301
-572685047 -592805463
-501232630 -499887826
-143516858 -152591565
-408632113 -367241807
-1918589377 -1912935456
1082850084 1081504532
1312288230 1310575084
-2122864814 -2122835941
830553958 829496647
736018578 736978734
1288344539 1248118022
1820051432 1813103672
-1274515330 -1276657597
761627464 773841231
-1731310115 -1772192217
1982677701 1994221813
-801166295 -785926965
1438068576 1441349248
-630821679 -699524970
815409544 817219109
-291512429 -283030785
1828697273 1846463523
545073228 534302206
-1243683393 -1225482776
1882811549 1871624716
1506994577 1511602736
284581452 279522347
32302643 15432016
-685659829 -678729144
-857715331 -859156310
-1675401594 -1675497002
-1773778815 -1776514881
-1817554425 -1812334625
-2052658784 -2038060979
922989030 924399108
1227277248 1230014319
1126212410 1109036213
1586242159 178763580
-102266915 -113983272
365401080 358162820
-421628761 -414093202
1182936949 1203684831
-1566522502 -1540961080
-1026026909 -1042399138
-1073582843 -1086275669
606168912 603467731
1261577921 1253400587
526600940 529546413
-771568939 -771105433
-1728845716 -1703698839
-329129171 -312788081
-1081522890 -1085331588
-1270416631 -1262924521
1348192825 1348529535
-168356666 -161746110
42689017 57319221
-1287558680 -1288983585
614015298 606168912
548005398 545073228
872377880 850769545
-9780890 -38415338
-1711349889 -1727246806
405223865 405285631
1468465137 1472018737
94040595 85730197
529546413 548005398
2066938190 2066794819
-201857636 -192511257
-257274776 -251145537
-592805463 -576944946
324327157 322069144
1632259702 1642202395
227247276 237747892
1728795975 1725806053
-791094788 -797836155
-1446615536 -1445384712
7492219 12326604
1884205065 1889936572
1029083331 1013267007
1585412077 1575774692
-464898925 -455900312
-1515781572 -1502016352
1384479079 1381118056
-2036429177 -2052658784
1208788378 1178922108
2042208355 2042833805
1349969753 1348192825
1248118022 1269295756
-950331916 -945463391
589558153 591060899
-1703698839 -1696432199
1694894526 1694765214
-553814276 -558984365
431329881 509460644
2091300177 2113581926
1506994577 1500302665
-1042399138 -1038255229
1166997848 1173913214
1013058100 982872200
375276240 341293941
-1820275932 -1829478185
-372042805 -378155963
-1675497002 -1676489040
1649370368 1632259702
1269295756 1286870174
125940152 110958679
-1799546885 -1803532353
1313986561 1345196642
-904664131 -905945171
567436082 575837887
-1500736573 -1515781572
-887153240 -818259889
1418446058 1421549461
-1651724569 -1648701005
-1588995585 -1611740346
2117070257 2119296370
-1520856234 -1525177650
-1038255229 -1035520667
-2063531506 -2065689336
2078159652 2091300177
-1869336117 -1885613931
-477349213 -501232630
-916155530 -934308202
1850175814 1861606184
848865059 830553958
1959742366 1960926481
517015525 515927068
-1154817509 -1157555585
-1426640995 -1417582107
-1611740346 -1652189580
-259757249 -246951929
-116689716 -102266915
2007249089 2021350007
-1303823184 -1322596793
752778483 827862085
-1997372965 -1976518619
1772735532 1770447646
-266687935 -281654087
-383872649 -372042805
837947901 843531779
668390191 664099652
-1464575619 -1469057724
1672358411 1719593978
-1772192217 -1820002756
-1130612203 -1116720936
-838477217 -832905656
1799226720 1796536357
-1952506651 -1945258328
-274579025 -266703254
-2142954347 -2145885250
1364949721 1360675251
-33406955 -22457403
178763580 1031418418
-38415338 -21065142
722970228 739619641
-113983272 -103624785
1522616314 1529050362
1674535318 1678727178
985850073 990299790
1485863795 1506994577
-241237247 -238338731
128132361 109261846
-750649075 -744214527
1931233467 1961504224
577422988 589106708
966607440 971715251
1866693919 1865124893
-1231948957 -1229807201
-2009602285 -2010483089
407015857 405223865
101737099 139770639
2031432564 2042208355
1036287699 1077053054
339387214 336474122
-1227278282 -1227900468
-1350432540 -1341484881
-1093238754 -1134312433
1723868929 1672358411
1702129528 1703604399
-901318184 -913227886
-772400787 -783926821
1569052908 1557527617
-1306224307 -1320549940
23607341 21303386
392612376 399751208
-1535742791 -1500736573
-209271910 -211319006
-1380060274 -1382589199
-1652189580 -1667732471
-1748004484 -1744821735
635737633 644570801
-642378615 -640281558
-1243683393 -1270416631
1230014319 1227838166
-958859763 -712791531
1182936949 1181688059
1911002572 1923613050
1883021449 1882811549
1300749380 1291016586
-1410137206 -1408458945
296316144 289318417
-408632113 -531965145
-934308202 -950331916
-900886066 -887523086
423582174 424191299
1586242159 1828697273
469108067 459102103
545073228 545187227
-1440711274 -1444646780
278290531 270991498
-699524970 -651919069
-772800012 -776417382
1754168322 1756938036
-383872649 -389665435
-887153240 -900886066
-1836555257 -1839146454
1178922108 1166997848
357636037 349827056
357636037 365401080
1507730499 1507473647
-1270416631 -1281908018
715929052 715370892
-1859188523 -1860132098
2086594100 2089940303
-1303823184 -1287558680
327575436 339387214
-421694541 -421628761
1061016779 1060776233
-630821679 -600073607
-651919069 -648828470
1772735532 1775841694
-1225482776 -1235409663
318741513 324327157
-2068089448 -2073678089
-2017573726 -2024185032
-1108636269 -1112638050
-2088996009 -2090196948
1867623934 1846974232
-1766045167 -1748004484
1038480419 1057462174
-489419104 -488764525
-553814276 -549476536
-464898925 -475989333
872377880 874792320
-610284222 -609581936
1126212410 1134022907
-9780890 7492219
-360724917 -361878399
1444853892 1424640309
-1023401815 -1067309490
-997789683 -969380449
952365167 966607440
1553092208 1354178681
-360630252 -358852331
-210745271 -210231304
712568041 645147538
-1711349889 -1704275077
-1885613931 -1878140643
299757011 300892914
1972259439 1973044079
-1921661398 -1952506651
73150353 80673857
-69339169 -68157070
1884205065 1883021449
-81810545 -87604329
-1134312433 -1138442514
623762913 618608393
-619185417 -616239444
614015298 614543586
1057462174 1053574624
284581452 286533383
-1973700192 -1997372965
1969121133 1968576277
-1857699586 -1859188523
926878572 928864401
-1841998017 -1836555257
-434678373 -421694541
848865059 872377880
1790904766 1799226720
1166596114 1208788378
2031432564 1931233467
746165923 747509722
-408393583 -402791134
-1199522629 -1197010278
-209271910 -201857636
1623297483 1609662325
1485863795 1405912416
-128261454 -116689716
1424640309 1418446058
1472724031 1468465137
1556695525 1555798147
1600455310 1595846401
-565563027 -563050676
-1445384712 -1432162096
-1836555257 -1820275932
375276240 380127442
-414093202 -419343135
110958679 111983110
1290488798 1300749380
-913227886 -904664131
926878572 616272051
-192511257 -193553255
-1952506651 -1958143492
-1945258328 -1943286563
1424640309 1438068576
-1478613260 -2092421557
94040595 96729466
1691149342 1694894526
1632259702 1629459859
-38415338 -60504759
-1208213424 -1207368516
-1393120449 -1414152802
-1772192217 -1766045167
-1704275077 -1705988228
938728504 943285198
-298380343 -291512429
