1000
1284 1287
278 277
1663 1661
1961 1958
1388 1371
347 348
1809 1808
482 479
1093 1088
1433 1432
35 44
321 594
1505 1506
1360 1361
51 29
1287 1286
1877 1858
688 687
1942 1947
1415 1417
1942 1940
1327 1200
1741 1599
273 270
152 150
1708 1725
1530 1531
411 413
181 175
106 104
870 868
1473 1472
1270 1267
213 206
1667 1672
1077 1327
1850 1856
1385 1381
1601 1600
1042 1039
1935 1937
852 851
742 725
1135 1163
1025 1024
1696 1699
363 366
1251 1252
354 353
1553 1550
823 827
759 770
816 818
630 625
1725 1740
1590 1592
44 40
1017 1018
7 1
1 3
1751 1750
770 765
198 201
1217 1218
1664 1613
229 227
845 835
140 131
1152 1159
1507 1974
1027 1032
1019 1017
1964 1961
13 16
1599 1560
880 879
1248 1245
1163 1151
318 320
1057 1054
1052 1068
692 631
654 662
1864 1870
1217 1207
479 481
802 792
233 234
28 595
1557 1558
583 576
1537 1536
1337 1336
92 83
360 363
699 704
382 380
1168 1174
270 271
116 120
150 145
1671 1669
813 802
1608 1612
1222 1220
74 51
952 955
194 196
1826 1828
1952 1951
235 233
758 755
1672 1671
1985 1988
1000 1003
1793 1802
235 238
1549 1553
1290 1298
1798 1795
35 32
1684 1664
910 913
1224 1217
1802 1799
1596 1598
774 771
449 470
567 587
1499 1498
401 405
500 519
114 107
1274 1264
821 822
981 990
425 423
938 964
955 954
711 708
92 94
1475 1464
1191 1194
321 232
293 290
1522 1543
1025 1027
1684 1708
1716 1713
193 171
663 689
910 909
66 67
958 952
548 562
433 426
1961 1962
574 575
1695 1694
685 688
1335 1337
327 323
1469 1471
964 958
1974 1985
1890 1896
1014 891
126 128
792 787
1748 1747
1970 1969
1909 1901
1613 1608
478 528
1522 1518
1781 1782
470 473
1575 1569
679 677
1267 1265
1338 828
1722 1716
1971 1925
971 975
60 54
751 759
668 670
1004 992
482 500
1098 1101
706 699
1596 1565
1169 1172
1054 1055
1050 1051
1762 1767
1547 1548
677 678
1032 1033
1380 1372
1615 1617
208 209
1732 1730
528 482
1555 1554
949 948
357 359
169 168
1863 1871
3 6
1710 1722
1565 1593
1993 1997
1585 1583
595 1507
558 551
938 903
1587 1589
373 379
551 550
1103 1119
1052 1019
1849 1847
1799 1798
1638 1640
587 583
1214 1215
55 59
451 458
1119 1106
594 478
818 821
1947 1964
1444 1441
368 370
1124 1134
131 130
796 797
1397 1393
524 525
339 393
1859 1863
1101 1103
1997 1996
828 874
657 659
1993 1989
1264 1259
1669 1670
268 267
954 953
1292 1293
1478 1489
1575 1578
640 643
1625 1621
1407 1408
1529 1528
407 411
511 514
191 173
1301 1305
1371 1385
1560 1514
156 152
315 311
54 53
467 465
1537 1539
1435 1388
366 373
951 949
1079 1078
288 293
1443 1442
1184 1135
845 854
1355 1360
273 275
1871 1864
1807 1805
1904 1906
189 186
1352 1347
1815 1826
1507 608
770 774
1194 1193
318 309
19 18
1688 1690
541 545
1338 1435
858 855
718 721
1772 1762
379 376
444 442
873 864
729 728
156 164
664 681
1462 1452
807 810
1708 1707
1566 1567
426 428
1983 1980
1599 1684
1234 1224
637 633
842 841
1699 1701
1761 1755
504 502
1402 1400
1847 1848
1533 1530
249 239
1753 1751
1737 1733
1432 1428
1681 1682
1028 1029
1342 1352
928 929
1434 1433
290 292
1275 1280
1144 1137
1971 1972
1423 1415
400 399
1038 1042
204 202
60 61
1826 1817
1144 1148
715 630
895 893
1642 1638
604 603
1858 1804
1227 1231
171 191
1602 1601
1168 1166
895 901
592 591
1608 1604
1489 1488
846 848
505 508
1335 1332
270 269
903 928
903 895
777 778
423 418
1153 1154
1218 1222
1656 1663
1059 1058
1254 1253
131 134
1354 1342
1569 1566
838 837
562 561
881 878
1349 1348
625 609
338 337
77 92
1362 1364
279 273
1912 1888
1406 1403
1030 1028
1651 1653
173 181
915 919
186 184
1901 1908
923 924
428 427
955 956
215 219
134 133
1098 1093
609 620
984 982
1877 1880
1027 1026
328 330
813 814
1454 1461
1539 1538
1464 1446
677 672
20 23
1163 1168
128 127
413 416
98 97
1084 1082
122 125
25 24
1778 1780
670 679
881 882
1200 1257
28 7
1837 1838
553 554
874 1077
1880 1887
1469 1465
567 540
783 777
1960 1959
732 733
1656 1651
1810 1812
750 751
827 826
901 896
1245 1246
51 60
464 467
828 786
786 823
1446 1462
1767 1771
952 951
965 977
1817 1818
1739 1732
644 632
640 637
351 354
855 845
328 327
723 742
1461 1455
206 208
428 432
1964 1970
763 761
1081 1098
3 2
1789 1781
1214 1211
1190 1186
61 66
661 657
891 938
1354 1355
360 351
1560 1563
1327 1335
1553 1557
524 520
1305 1308
528 533
1391 1389
1323 1325
1814 1840
354 357
1412 1406
689 664
470 461
727 732
810 812
888 886
483 490
393 400
1583 1581
1151 1152
1426 1434
1675 1681
612 615
1841 1843
44 46
223 215
1972 1973
896 899
229 230
517 515
1849 1850
542 544
514 513
792 798
1016 1015
249 318
1514 1522
1791 1790
393 382
1729 1728
1312 1313
576 580
672 676
848 847
1284 1275
248 242
1505 1478
1694 1688
1937 1939
107 110
433 449
681 668
1323 1321
1651 1646
159 158
417 407
1288 1290
1344 1346
1625 1627
620 612
1489 1491
339 328
242 241
426 425
511 510
1417 1422
1638 1633
992 995
1059 1066
1695 1703
288 255
1703 1696
1441 1443
171 143
1748 1753
1940 1941
1557 1555
255 260
1613 1632
1579 1585
1642 1656
1743 1742
1182 1183
726 727
645 647
416 415
1312 1301
1249 1251
737 726
344 347
1135 1120
106 114
653 645
1790 1789
886 881
197 194
16 19
1117 1111
1619 1615
1940 1935
1527 1529
1106 1107
1372 1374
1803 1922
508 507
423 424
461 451
1730 1729
1281 1283
1257 1234
1198 1199
258 257
1272 1271
504 505
1042 1050
240 248
538 539
159 160
1518 1515
232 229
866 870
531 532
1491 1494
1772 1791
1038 1025
990 987
1927 1932
598 602
204 213
1088 1084
1543 1533
380 360
948 944
1077 1014
995 1000
1264 1270
929 930
84 90
1137 1140
1315 1323
533 567
1818 1821
1675 1667
850 852
1174 1169
1008 1012
538 537
1402 1426
1388 1402
568 570
1951 1950
40 39
595 224
1974 1803
802 807
224 321
1901 1890
215 204
83 80
435 434
562 564
1935 1927
1066 1067
663 654
224 122
574 568
711 712
1079 1184
838 840
554 555
1332 1328
561 558
1178 1175
363 362
1253 1249
875 877
376 375
1632 1642
242 247
366 365
1543 1549
1913 1916
261 264
1245 1242
1313 1315
717 716
514 518
878 875
1494 1499
604 606
1406 1407
540 548
1781 1778
407 401
239 240
1896 1894
441 436
631 653
1134 1131
587 592
252 251
1771 1768
1184 1191
980 965
835 836
1922 1912
230 231
309 288
759 758
293 308
1137 1136
662 661
143 140
59 58
632 640
1807 1810
1709 1710
1033 1035
1722 1724
774 783
462 464
1280 1281
1142 1143
608 596
1003 1001
964 980
1587 1586
596 604
1124 1122
625 626
206 205
164 161
1270 1272
1573 1571
290 289
1725 1709
913 912
583 585
1194 1197
1191 1190
485 488
598 597
1922 1971
1932 1930
1288 1284
208 207
357 356
267 261
90 85
1547 1546
1300 1288
1980 1976
630 692
449 435
1569 1573
1224 1227
275 278
1578 1577
125 193
95 98
308 304
54 55
1057 1059
1533 1537
1088 1091
787 789
435 441
1068 1057
1446 1444
1107 1117
1916 1920
551 553
473 474
537 536
653 663
130 126
441 447
1585 1587
77 75
1690 1689
840 843
1012 1011
850 846
1261 1260
1563 1596
835 830
1393 1396
49 50
1937 1936
1267 1269
1744 1743
1068 1076
765 769
1358 1357
608 1338
1465 1466
1008 1006
309 315
1762 1744
102 95
757 756
1912 1913
878 880
1840 1815
1593 1579
1732 1737
1017 1016
181 189
1415 1412
1740 1739
715 750
1950 1948
882 885
840 839
1499 1501
1298 1292
161 159
647 646
1475 1505
1032 1031
1733 1736
1988 1998
1858 1859
886 887
510 504
717 718
143 156
32 31
497 499
373 367
47 49
1257 1274
1589 1590
545 542
668 666
490 485
1174 1178
891 888
1248 1254
1803 1741
255 252
1471 1473
1847 1841
152 154
798 796
1360 1358
330 338
1619 1625
858 873
1259 1261
7 25
1242 1235
725 724
1896 1897
1840 1849
1530 1527
1630 1619
852 853
1958 1952
1664 1675
732 729
814 816
458 454
816 815
725 737
494 492
923 915
796 795
1814 1807
1412 1414
268 279
478 339
1744 1748
928 910
576 574
786 715
1828 1837
692 695
750 723
400 417
80 82
304 302
1120 1081
497 483
580 579
29 47
1888 1877
1012 1013
193 198
1151 1144
1207 1214
1604 1602
1579 1575
909 906
706 711
1621 1624
474 475
913 923
1925 1924
518 517
1140 1142
166 169
382 387
1491 1490
399 394
1071 1075
1200 1079
1998 1993
1004 1008
260 259
95 77
20 13
795 794
1925 1942
1958 1960
874 858
1106 1104
1793 1772
104 105
491 494
1870 1867
1242 1243
1371 1362
729 730
83 84
755 757
1362 1354
122 74
1300 1312
232 249
1159 1153
164 166
519 524
765 763
367 372
1810 1809
980 1004
259 258
771 773
201 223
1452 1454
1435 1475
198 197
519 511
1426 1423
548 541
1197 1198
1741 1793
1514 1510
260 268
1549 1547
74 116
533 531
1019 1038
836 838
967 971
1392 1397
161 162
500 497
1392 1391
417 433
1527 1525
977 967
843 842
1332 1334
1024 1022
102 106
1084 1085
681 685
481 480
1856 1857
1908 1904
372 368
1488 1483
1347 1344
116 102
490 491
1381 1380
447 444
695 706
461 462
1111 1114
783 785
823 813
1707 1695
351 344
864 866
1667 1666
645 644
1863 1861
1400 1392
24 20
145 148
1962 1963
723 717
239 235
1175 1176
1274 1300
134 139
987 984
1985 1983
807 804
196 195
1014 1052
626 627
1436 1440
1178 1182
1441 1436
1347 1349
1352 1353
1753 1761
1071 1070
854 850
47 35
603 598
1193 1192
1464 1469
66 63
704 703
85 89
264 265
90 91
1328 1331
742 748
540 538
870 871
906 905
1632 1630
1539 1542
1234 1248
1888 1909
1076 1071
1804 1814
1612 1611
1120 1124
1031 1030
992 981
1269 1268
1703 1706
785 784
1000
966 959
1899 1898
686 684
1872 1881
1450 1453
673 680
124 123
180 179
1157 1158
1520 1519
1420 1421
1564 1570
495 307
62 36
720 762
908 914
577 581
151 149
281 280
571 569
1965 1977
933 932
1115 1141
1721 1723
1369 1368
1900 1902
312 310
185 228
276 281
523 506
1981 1978
176 174
312 317
1873 1875
634 648
1072 1095
989 986
1610 1609
1250 1256
682 700
1045 1043
178 176
81 86
1697 1692
605 611
329 331
1749 1746
1064 1115
1928 1945
1138 1139
523 529
1978 1979
622 634
1263 1244
1541 1544
1263 1273
300 297
1878 1873
1064 1047
1658 1657
1842 1845
1089 1092
185 178
1816 1824
182 183
1383 1384
1774 1785
762 806
1717 1714
1149 1147
244 256
211 210
1919 1921
1597 1594
894 892
1561 1559
420 419
1644 1643
996 994
1450 1447
1813 1811
860 859
392 352
1921 1923
1576 1582
1431 1419
1161 1164
908 904
747 745
408 412
1419 1405
1644 1647
1851 1853
1244 1233
1430 1429
1923 1926
446 448
635 636
867 925
1564 1562
1919 1914
111 115
560 582
611 610
253 250
1511 1509
1745 1749
1195 1181
1779 1783
1875 1874
586 588
41 42
93 88
863 865
11 10
17 22
1886 1900
437 429
1382 1378
1648 1649
117 119
651 682
487 484
397 395
1481 1480
710 713
1945 1929
1726 1727
1570 1568
925 969
530 560
1794 1831
335 340
1700 1687
155 153
388 383
385 384
364 361
1881 1878
764 780
1846 1842
8 9
358 364
1966 1968
1195 1196
1572 1576
285 294
1221 1213
582 590
236 185
324 325
665 660
1209 1210
983 972
1503 1502
243 236
1279 1278
301 303
642 638
22 21
422 440
1416 1418
1907 1910
69 70
1083 1094
527 526
1503 1504
324 322
686 693
452 457
829 817
889 884
397 443
1089 1087
501 498
1303 1307
1965 1953
1665 1668
65 62
1862 1855
124 129
1256 1255
1717 1718
96 79
460 459
1307 1366
565 563
782 788
1244 1250
707 705
918 917
1992 1995
334 333
618 622
121 117
1511 1512
921 922
1099 1110
1367 1369
1479 1521
501 503
1605 1551
266 272
1687 1691
1540 1535
1303 1276
753 752
1276 1230
1655 1652
779 776
806 805
1866 1868
403 398
1576 1574
1225 1223
1063 1061
1099 1097
317 314
1216 1219
1041 1037
1845 1844
1230 1263
1474 1476
714 710
1831 1830
1718 1719
352 377
457 453
346 343
916 908
969 983
472 476
669 671
628 629
1758 1757
1484 1482
1258 1262
334 341
1410 1416
1285 1291
963 961
1516 1517
27 30
1387 1390
897 894
610 607
521 512
714 719
1562 1561
1872 1862
638 639
767 766
1984 1986
374 371
648 650
916 918
146 144
1438 1439
991 996
1735 1928
1204 1303
52 48
1343 1340
1835 1839
236 237
1513 1503
395 396
1834 1883
1853 1852
1256 1258
1738 1745
1449 1448
735 747
1233 1237
342 334
101 111
1343 1356
569 566
1123 1126
1009 1007
780 782
1914 1917
1316 1322
1382 1395
1683 1674
460 463
740 743
1095 1083
1559 1552
76 68
212 214
142 141
188 187
720 295
665 673
1010 1009
1213 1216
1854 1872
1002 985
26 17
1094 1089
1660 1673
1476 1477
1083 1074
1760 1765
1760 1752
978 979
1582 1580
1056 1053
1363 1365
216 217
350 349
1517 1520
832 833
584 586
780 775
743 744
1504 1511
698 686
437 438
1102 1105
71 69
176 177
634 623
1492 1493
1764 1763
414 421
1043 1044
623 628
404 403
199 200
1610 1616
867 857
1652 1654
1359 1363
1173 808
421 420
314 316
1404 1431
332 326
655 665
27 26
656 658
1687 1686
43 38
285 284
1813 1825
582 577
762 735
1831 1834
1294 1295
1456 1457
1020 1023
1770 1773
1829 1827
1999 2000
700 714
1735 1545
760 749
199 192
1156 1150
1048 1049
178 182
274 285
1378 1379
1752 1754
443 452
898 900
1758 1759
1074 1080
1731 1734
611 613
803 799
978 973
456 455
1296 1297
1240 1239
1800 1797
1437 1438
1990 1991
281 282
931 933
926 927
1785 1775
547 546
1834 1832
705 702
1445 1204
1485 1481
1366 1316
1447 1449
1712 1720
1133 1132
1350 1351
1855 1860
782 781
1237 1236
390 389
904 907
939 937
616 614
622 619
1623 1607
700 698
1982 1992
1822 1820
753 754
1911 1903
1995 1994
935 936
440 437
343 345
1034 1020
1839 1836
667 669
925 921
65 121
369 374
1322 1359
38 37
1210 1212
1377 1382
1047 1002
68 71
1898 1892
1992 1987
172 147
897 898
817 824
998 997
1584 1564
824 825
250 246
1977 1981
918 920
1330 1326
1116 1118
1421 1425
468 466
743 741
972 978
1752 1738
1007 1005
1883 1911
443 406
617 651
378 381
535 543
1943 1931
1788 1792
163 157
1296 1294
857 856
738 736
1766 1760
1411 1413
1884 1886
1509 1508
1171 1170
1982 1965
5 8
1787 1786
295 495
299 298
1241 1240
1467 1460
697 696
775 779
307 471
471 493
1185 1188
1319 1317
1311 1310
1161 1157
1319 1320
170 165
14 15
17 14
1830 1801
463 468
809 811
1956 1957
1282 1277
560 534
297 299
1276 1285
326 319
326 329
383 385
1108 1100
414 408
833 844
291 286
253 254
1416 1411
1150 1155
1500 1513
495 617
1658 1659
190 199
422 414
1299 1296
942 940
1036 1045
108 103
332 397
246 245
1316 1311
132 124
113 112
340 336
696 694
1468 1470
940 941
1953 1949
172 274
1846 1854
1453 1451
939 942
1711 1705
1634 1635
1905 1907
1356 1350
1607 1618
1496 1497
972 970
1697 1698
1584 1603
1377 1367
684 683
1607 1606
36 34
1277 1279
1128 1127
844 849
1823 1819
936 966
346 350
1794 1774
358 355
1987 1984
1889 1891
1366 1404
383 378
1977 1966
1987 1990
601 605
808 1167
157 155
38 41
72 73
1237 1241
1995 1999
453 456
211 212
1626 1623
1513 1516
398 402
1683 1700
1121 1116
934 931
1492 1487
788 790
791 803
1485 1500
1825 1829
1796 1800
218 225
1647 1645
30 33
1045 1046
1310 1309
1720 1717
1883 1846
203 218
457 460
305 306
989 991
1917 1918
5 4
1631 1629
1521 1485
352 342
87 81
947 946
673 667
1239 1238
1228 1226
1785 1787
1523 1534
286 287
1061 1062
1228 1229
863 861
1811 1806
216 211
655 652
921 883
1479 1474
1673 1662
957 945
1221 1228
222 221
775 767
1777 1779
1326 1329
385 386
274 243
1065 1069
1917 1915
1618 1610
1359 1343
1726 1712
872 876
119 118
182 180
438 439
1158 1160
1206 1208
1968 1975
869 872
966 968
12 1173
1757 1756
1842 1835
1097 1096
1147 1145
1110 1108
1934 1933
228 188
617 530
1157 1149
889 890
680 674
489 487
1875 1876
1311 1314
498 496
1384 1386
1133 1138
1188 1187
319 324
1868 1869
1594 1595
1112 1113
225 226
452 450
1023 1021
1956 1954
284 276
1141 1130
577 573
1457 1458
1631 1634
115 113
57 45
735 731
1700 1704
1145 1146
1204 1201
1181 1185
203 190
138 142
1339 1333
935 934
817 809
1375 1373
931 926
590 589
1526 1532
739 738
747 760
639 641
1674 1676
1087 1086
342 346
1931 1938
1953 1956
377 369
1340 1324
1180 1179
165 167
902 897
43 57
546 535
1431 1437
857 860
1474 1467
707 709
805 791
1954 1955
1635 1636
1100 1102
429 430
693 691
76 101
1002 1010
1324 1339
1061 1060
430 431
1712 1711
71 72
1691 1697
1637 1639
1911 1919
225 220
1878 1879
599 593
1459 1479
409 410
108 109
1774 1770
468 469
307 300
1037 1040
188 203
552 556
1226 1225
1637 1631
1350 1345
45 56
1445 1735
1648 1644
1395 1387
282 283
1704 1726
388 390
914 911
1130 1133
1481 1484
1727 1731
295 172
883 902
1662 1665
87 93
1686 1685
1164 1162
986 988
1495 1496
628 624
12 5
62 64
1545 1523
117 76
1943 1944
1205 1206
902 916
619 621
1390 1394
135 138
942 957
1929 1943
1866 1865
1149 1156
477 489
218 216
998 999
1523 1459
1208 1221
1620 1622
1425 1424
341 335
1938 1934
1903 1905
731 722
1317 1318
824 820
1594 1588
1072 1065
1765 1764
791 764
522 521
1467 1468
446 445
731 734
1660 1658
529 527
1677 1679
1618 1620
1605 1626
1641 1637
243 244
1010 1036
549 547
1588 1591
1945 1982
1233 1232
1766 1769
740 739
220 222
1340 1341
693 697
985 989
829 1064
1692 1693
1115 1112
1650 1605
1387 1383
450 446
1526 1524
395 392
1181 1177
1130 1129
266 262
1047 1056
1676 1680
1141 1161
589 584
820 819
1754 1758
1626 1641
79 78
1285 1282
1123 1121
1250 1247
549 552
1273 1266
1862 1866
1203 1202
314 313
1074 1073
573 571
1164 1165
506 522
1787 1788
121 135
1375 1376
1704 1702
1629 1628
1456 1450
1291 1289
319 312
1886 1885
1053 1048
1173 1445
147 65
799 793
136 137
994 993
1657 1655
1126 1125
1092 1090
1824 1823
745 740
599 600
1322 1319
1404 1377
701 707
1832 1833
1552 1556
484 486
767 768
1892 1889
799 800
1459 1456
1500 1495
1801 1813
1167 829
406 404
1680 1677
1307 1304
303 305
961 960
1770 1766
996 998
590 601
1299 1302
1881 1882
1825 1816
1427 1420
1895 1893
566 565
892 889
294 291
1395 1399
1801 1796
1968 1967
1570 1572
471 332
1201 1195
300 301
844 834
1545 1650
800 801
1603 1597
557 549
1486 1492
1534 1526
749 753
1056 1063
1188 1189
1129 1123
79 87
111 108
1534 1541
1043 1041
1405 1410
1720 1721
512 509
1201 1203
1373 1370
256 266
674 675
613 616
477 472
1460 1463
1650 1683
101 96
947 950
369 358
142 146
1784 1777
406 422
1892 1895
1333 1330
138 136
262 263
530 523
638 635
1679 1678
945 943
1167 1171
1903 1884
682 655
1112 1072
512 516
1551 1584
959 939
856 831
1304 1306
1819 1822
651 618
1126 1128
1410 1409
860 863
1949 1946
691 690
1177 1180
56 52
1641 1648
660 656
1036 1034
9 11
135 132
506 501
1674 1660
297 296
1714 1715
256 253
571 572
1775 1784
1777 1776
1616 1614
1399 1401
147 151
34 27
831 832
1900 1899
1108 1109
493 477
1095 1099
1928 1794
1291 1299
1419 1427
768 772
1541 1540
650 649
1854 1851
100 99
390 391
163 170
945 947
1399 1398
1213 1209
36 43
151 163
648 642
959 963
861 862
973 974
557 559
710 701
412 409
1230 1205
961 962
601 599
808 720
1369 1375
96 100
985 867
969 935
581 578
1495 1486
534 557
377 388
745 746
1427 1430
883 869
974 976
