30
$
0 0 0 0 0 0 -6 0 0 0 0 0 0 0 0 0 0 -7 0 0 0 0 0 0 0 0 0 0 0 0 
0 3 0 0 0 0 0 0 0 0 0 0 -5 0 -9 0 0 0 0 -1 0 0 0 -7 0 1 0 0 10 0 
0 0 9 0 -6 0 7 0 8 0 2 -5 0 -6 0 0 2 0 0 0 0 0 0 0 0 0 0 0 0 0 
0 0 0 0 0 8 0 0 0 0 0 0 0 0 0 0 0 0 0 0 0 0 0 0 3 0 0 0 0 0 
0 0 0 0 0 -4 0 0 5 0 0 0 0 0 0 0 0 0 0 0 2 0 0 0 0 -3 0 0 0 0 
0 0 0 0 0 -8 2 0 0 0 0 0 0 10 0 0 5 0 0 -10 0 10 0 4 0 0 -7 -9 0 -6 
0 0 -1 0 0 0 0 0 0 0 0 6 0 0 0 0 0 -9 0 0 0 -9 0 -4 -9 0 0 0 4 2 
0 0 0 0 0 0 0 -3 -7 0 0 0 -9 0 0 0 0 7 9 0 0 -2 0 0 3 0 0 0 0 -1 
0 0 0 0 0 0 0 0 0 0 0 0 0 9 9 -4 -4 0 -7 3 0 2 0 0 -4 -7 0 3 0 3 
0 0 -2 -9 0 -10 7 0 0 0 0 0 0 0 0 0 0 0 0 0 8 -3 -8 0 0 -8 0 0 0 -5 
0 5 -6 0 0 0 0 0 6 0 0 0 0 0 0 -6 0 0 0 -2 0 0 0 6 0 0 0 -3 0 0 
0 0 0 0 0 0 0 4 0 0 0 0 0 0 -8 0 1 0 0 -2 0 8 0 3 0 0 0 7 0 0 
0 -8 0 0 0 0 0 0 0 0 0 0 0 0 0 0 0 0 6 0 0 3 9 0 0 0 6 -4 -7 0 
0 0 0 0 0 0 -1 0 -7 0 0 0 0 0 0 6 0 0 0 0 0 0 0 -8 0 0 0 0 0 0 
0 0 0 0 0 -6 -5 0 -10 -3 0 0 0 0 0 0 0 0 0 0 -1 5 -2 0 0 0 0 0 0 0 
0 0 0 0 0 0 0 1 0 0 0 0 -5 0 0 0 0 0 0 0 0 3 0 0 0 0 0 0 0 0 
-3 0 0 0 0 2 -7 0 0 0 4 10 0 0 0 0 5 6 0 0 0 0 0 0 0 0 0 0 10 0 
0 -4 0 0 0 -5 0 0 0 0 0 0 0 0 0 0 0 0 0 0 0 0 0 0 0 0 -7 0 0 0 
0 0 0 0 0 -4 0 0 0 0 0 0 0 -3 0 -5 0 0 0 0 -4 0 0 0 5 -2 0 0 0 0 
0 0 0 0 0 4 0 0 -5 4 0 0 0 0 0 0 -2 0 0 7 0 -8 0 0 0 0 0 0 0 0 
-9 0 0 0 0 0 0 0 0 0 0 0 0 -2 0 0 0 0 0 0 0 -5 0 0 0 0 0 0 0 0 
0 0 0 0 0 0 0 0 0 10 -1 0 0 0 0 0 0 0 0 0 -6 0 0 0 0 -8 0 0 0 0 
0 6 0 0 0 0 0 0 0 0 0 0 0 0 0 0 0 0 0 -4 -3 0 0 0 0 0 0 0 0 0 
0 0 0 0 0 0 0 0 0 0 0 0 0 0 0 -4 0 0 0 -9 6 0 6 0 0 0 0 0 0 0 
0 0 10 0 0 7 0 0 0 0 0 -3 0 0 8 0 10 0 0 4 0 0 0 0 0 0 0 1 0 0 
9 0 -5 -4 5 10 0 0 0 5 3 0 7 0 0 0 -7 0 0 -9 0 0 0 0 0 0 4 0 0 7 
0 0 0 -9 0 -2 0 0 0 -1 5 0 0 0 0 10 2 -7 0 0 0 0 0 0 -9 -6 0 0 0 0 
0 0 0 0 0 4 0 0 1 0 0 0 8 -10 0 0 0 0 0 0 0 5 0 0 0 0 0 -2 0 0 
0 0 0 0 0 0 0 6 6 0 1 6 0 0 0 0 0 0 0 0 7 7 3 0 0 0 0 2 0 0 
9 0 0 -10 0 0 0 2 8 0 0 -9 0 0 0 0 0 0 0 0 0 0 0 0 0 -2 0 0 0 -9 
$
0 -3 0 0 0 0 0 0 0 0 0 0 0 0 0 0 0 0 0 0 0 0 9 0 0 0 0 0 0 0 
0 0 -3 0 0 0 0 0 0 0 0 0 0 0 0 0 0 0 0 0 0 0 7 0 0 0 0 0 0 0 
0 -1 0 0 0 0 0 0 0 2 0 0 0 0 0 0 0 0 0 6 0 0 0 0 0 0 0 0 6 0 
0 0 0 0 0 0 0 0 0 0 0 0 0 0 0 0 0 0 0 0 0 0 0 0 8 2 0 0 0 0 
-7 0 0 0 0 0 0 0 0 0 0 0 0 0 0 0 0 0 0 0 0 0 0 0 0 0 0 0 0 0 
0 0 0 0 0 0 0 0 0 0 0 0 0 0 0 0 0 0 0 0 0 0 0 0 0 0 0 0 0 0 
0 0 0 0 0 0 0 0 0 0 0 0 0 0 0 0 0 0 0 0 0 0 0 0 0 0 0 0 0 0 
0 0 0 0 7 0 0 0 0 0 0 0 0 8 0 0 0 0 0 0 0 3 0 0 0 0 0 0 0 0 
0 0 0 0 0 0 0 0 -6 0 0 0 0 0 0 0 0 0 0 0 0 0 0 8 0 0 0 0 0 0 
0 0 0 0 0 0 0 7 0 0 0 0 0 0 0 0 0 0 0 0 0 0 0 0 0 3 0 0 0 0 
0 0 0 -9 0 0 0 0 0 0 0 0 0 0 0 0 0 0 0 0 0 0 0 0 0 0 0 0 0 0 
0 0 5 0 0 0 0 0 0 0 0 0 0 0 0 0 0 0 -3 0 0 0 0 0 0 0 0 0 0 0 
0 0 -7 0 0 0 0 0 0 0 0 0 0 0 0 0 0 0 0 0 0 0 0 0 0 0 0 0 0 0 
0 0 0 0 0 0 0 0 0 0 0 0 0 0 0 0 0 0 0 0 0 0 0 0 0 0 0 0 0 0 
0 0 0 0 0 0 0 0 0 0 0 0 0 0 0 0 0 0 0 0 0 0 0 0 0 0 0 0 0 0 
0 0 0 0 0 0 0 0 0 0 0 0 0 0 0 0 0 0 0 0 0 0 0 0 0 0 7 0 0 0 
0 0 -4 0 0 0 0 0 0 4 0 0 0 0 0 0 0 0 0 0 -8 0 0 0 0 0 3 0 0 0 
0 0 0 0 0 0 0 -3 0 4 0 0 0 0 0 0 0 0 0 0 0 0 0 0 0 0 0 0 0 0 
0 0 0 0 0 0 0 0 0 0 0 0 0 0 0 5 0 0 0 0 0 0 0 0 0 0 1 0 0 0 
0 0 -8 4 0 0 0 0 4 0 0 0 0 0 0 0 10 0 0 0 -10 0 0 0 0 5 0 -6 0 0 
0 0 0 -10 0 0 10 0 0 0 0 0 0 0 -5 0 0 0 0 0 0 0 0 0 0 0 0 0 0 0 
0 0 -1 0 0 0 0 0 0 0 -9 0 0 0 0 0 0 0 0 0 0 0 0 0 0 0 0 0 0 0 
0 0 0 0 0 0 0 0 0 0 0 0 0 0 0 0 0 0 0 0 -1 0 2 0 0 0 0 0 0 0 
0 0 0 0 0 0 0 0 0 0 0 0 0 0 0 0 -2 0 0 0 0 0 0 0 0 0 0 0 0 0 
0 0 0 0 8 0 0 0 0 0 0 0 0 0 0 0 0 0 0 0 0 0 0 0 0 7 4 0 0 0 
0 0 0 0 0 0 0 0 0 0 0 0 0 0 0 0 5 0 0 0 0 0 0 0 0 0 0 2 0 0 
0 0 0 6 0 0 0 0 -7 0 0 0 0 0 0 0 0 0 0 0 0 0 0 0 0 -7 0 0 0 0 
0 0 0 0 0 0 0 0 0 0 0 0 0 0 0 0 0 0 0 0 0 0 0 0 8 0 0 0 0 -3 
0 0 0 0 0 0 0 0 0 0 0 0 0 0 0 0 0 0 0 0 0 0 0 0 0 0 0 0 0 0 
0 0 0 0 0 0 0 0 0 0 0 0 0 0 0 0 0 0 0 -7 0 0 0 0 0 0 0 0 0 0 
$
A*B*A+A+B'